     0/299     4.78G   0.09085   0.03109   0.02318    0.1451       101       640         0         0         0         0    0.1311    0.1609   0.02564
     1/299     4.76G   0.08541   0.04078   0.02079     0.147       135       640         0         0         0         0    0.1311    0.1604   0.02569
     2/299     4.76G   0.09485   0.02579     0.023    0.1436        85       640         0         0         0         0    0.1311    0.1604   0.02577
     3/299     4.76G   0.09516    0.0376   0.01776    0.1505       179       640         0         0         0         0     0.131     0.161   0.02583
     4/299     4.76G   0.08926   0.03862   0.02268    0.1506       140       640         0         0         0         0     0.131    0.1611    0.0259
     5/299     4.76G   0.09587   0.04499   0.02303    0.1639       190       640         0         0         0         0    0.1308    0.1619   0.02592
     6/299     4.76G   0.09347   0.04266   0.02241    0.1585       194       640         0         0         0         0    0.1306    0.1629   0.02596
     7/299     4.76G    0.0954   0.06343   0.02152    0.1803       348       640         0         0         0         0    0.1304    0.1642     0.026
     8/299     4.76G   0.09418   0.05309   0.02248    0.1697       300       640         0         0         0         0    0.1302    0.1656   0.02602
     9/299     4.76G   0.09701     0.041   0.02212    0.1601       149       640         0         0         0         0    0.1301    0.1668   0.02607
    10/299     4.76G   0.09118   0.05369   0.02301    0.1679       282       640         0         0         0         0      0.13    0.1678   0.02607
    11/299     4.76G   0.09376   0.03277   0.02159    0.1481       122       640         0         0         0         0    0.1299    0.1685    0.0261
    12/299     4.76G   0.09097   0.04403   0.02255    0.1576       261       640         0         0         0         0    0.1301    0.1686   0.02616
    13/299     4.76G   0.09507   0.03786   0.01973    0.1527       138       640         0         0         0         0    0.1302    0.1687   0.02619
    14/299     4.76G     0.095   0.03866   0.02116    0.1548       224       640         0         0         0         0    0.1301    0.1694   0.02619
    15/299     4.76G   0.09118   0.04079   0.02221    0.1542       172       640         0         0         0         0      0.13      0.17   0.02622
    16/299     4.76G    0.0607   0.03338   0.01401    0.1081       154       640         0         0         0         0    0.1299    0.1709    0.0262
    17/299     4.76G    0.0948   0.02531   0.01713    0.1372        96       640         0         0         0         0    0.1299     0.172   0.02624
    18/299     4.76G   0.08728    0.0516   0.02213     0.161       178       640   0.00346   0.01282 0.0001812 1.812e-05    0.1299     0.172   0.02629
    19/299     4.76G   0.09239   0.03632   0.02202    0.1507       121       640  0.004831   0.01282 0.0001861 1.861e-05    0.1298    0.1723   0.02631
    20/299     4.76G   0.09017   0.05329   0.02223    0.1657       241       640  0.004867   0.01282 0.0001937 1.937e-05    0.1297     0.173   0.02638
    21/299     4.76G   0.09122   0.02539    0.0208    0.1374        85       640  0.004755   0.01282 0.0002027 6.081e-05    0.1298    0.1733   0.02643
    22/299     4.76G    0.0881   0.04215   0.02264    0.1529       160       640   0.00492   0.01282 0.0002121 4.241e-05    0.1297    0.1739   0.02647
    23/299     4.76G   0.09406    0.0314   0.02075    0.1462       159       640  0.006988   0.01282 0.0002794 2.794e-05    0.1296     0.174   0.02648
    24/299     4.76G   0.09306   0.03768   0.02303    0.1538       178       640   0.00742   0.01282 0.0002988 2.988e-05    0.1296    0.1748   0.02653
    25/299     4.76G   0.09051   0.04818   0.02122    0.1599       211       640  0.007296   0.01282 0.0002793 2.793e-05    0.1296    0.1751   0.02661
    26/299     4.76G   0.08819   0.02373   0.02251    0.1344        83       640         0         0         0         0    0.1295    0.1754   0.02663
    27/299     4.76G    0.0907   0.05325   0.02278    0.1667       309       640         0         0         0         0    0.1294    0.1758   0.02662
    28/299     4.76G   0.08942    0.0436   0.02137    0.1544       199       640  0.001618   0.01282 8.848e-05  1.77e-05    0.1293    0.1755   0.02664
    29/299     4.76G   0.08702   0.03318   0.02106    0.1413        96       640   0.00161   0.01282 8.747e-05 1.749e-05    0.1293    0.1744   0.02666
    30/299     4.76G   0.08891   0.03534   0.02015    0.1444       107       640  0.001595   0.01282  8.24e-05 2.472e-05    0.1293    0.1739   0.02667
    31/299     4.76G   0.09106   0.03166   0.02092    0.1436       188       640  0.001642   0.01282 7.498e-05   1.5e-05    0.1288    0.1748   0.02656
    32/299     4.76G   0.08702   0.06003   0.02101    0.1681       296       640         0         0         0         0    0.1286     0.175   0.02652
    33/299     4.76G   0.08926   0.04155   0.01974    0.1505       165       640         0         0         0         0    0.1284    0.1747    0.0265
    34/299     4.76G   0.08779   0.03614   0.02071    0.1446       148       640         0         0         0         0    0.1281    0.1743   0.02652
    35/299     4.76G    0.0898   0.03648   0.01947    0.1457       135       640         0         0         0         0    0.1279     0.174   0.02652
    36/299     4.76G   0.09383   0.02489   0.01961    0.1383        94       640    0.4073   0.01282   0.00293  0.000293    0.1275    0.1752   0.02646
    37/299     4.76G    0.0852   0.04397   0.02118    0.1503       163       640    0.4062   0.01282   0.00293  0.000293    0.1273    0.1753   0.02643
    38/299     4.76G   0.08949   0.04402   0.02081    0.1543       183       640         0         0         0         0    0.1268    0.1759   0.02641
    39/299     4.76G   0.09124   0.04721   0.02143    0.1599       236       640         0         0         0         0    0.1264    0.1768   0.02637
    40/299     4.76G   0.08783   0.03822   0.02345    0.1495       221       640         0         0         0         0    0.1259    0.1777   0.02628
    41/299     4.76G   0.08807   0.03614   0.01925    0.1435       183       640  0.001292   0.02222 9.292e-05 9.292e-06    0.1255    0.1782   0.02626
    42/299     4.76G   0.08074   0.03256   0.02107    0.1344        84       640  0.001307   0.02222 9.751e-05 9.751e-06    0.1253    0.1782   0.02624
    43/299     4.76G   0.08747    0.0471    0.0211    0.1557       209       640  0.001493   0.02222 0.0001086 1.086e-05    0.1249    0.1796   0.02615
    44/299     4.76G   0.07931   0.03124   0.02099    0.1315        83       640  0.001512   0.02222 0.0001089 1.089e-05    0.1248    0.1793   0.02613
    45/299     4.76G   0.08556   0.03627   0.02043    0.1423       187       640  0.003779   0.03457   0.00022   2.2e-05    0.1247    0.1797   0.02612
    46/299     4.76G    0.0844   0.02208   0.01975    0.1262        49       640  0.001546   0.02222  0.000125  1.25e-05    0.1245    0.1809   0.02604
    47/299     4.76G   0.08979   0.04112   0.02168    0.1526       175       640  0.001516   0.02222 0.0001279 1.279e-05    0.1243    0.1809   0.02604
    48/299     4.76G   0.09076   0.06813   0.02158    0.1805       440       640  0.001517   0.02222  0.000133  1.33e-05     0.124    0.1822     0.026
    49/299     4.76G   0.08794   0.05032   0.01997    0.1582       249       640  0.001476   0.02222  0.000149  2.98e-05    0.1237    0.1837   0.02592
    50/299     4.76G   0.08668   0.04331   0.02145    0.1514       176       640  0.002275   0.02222 0.0001968 3.936e-05    0.1235    0.1847   0.02585
    51/299     4.76G   0.08415   0.02542   0.01615    0.1257        77       640  0.002252   0.02222 0.0002319 2.319e-05    0.1233    0.1858   0.02573
    52/299     4.76G   0.08878    0.0732   0.02021    0.1822       508       640  0.003651   0.03457 0.0004205 0.0001056    0.1231    0.1866   0.02566
    53/299     4.76G   0.08813   0.02343   0.01791    0.1295        62       640  0.004523   0.02222 0.0004305 0.0001085    0.1237     0.186   0.02564
    54/299     4.76G   0.08399   0.03831   0.01991    0.1422       133       640  0.005672   0.02222 0.0004963  0.000126    0.1234    0.1873   0.02555
    55/299     4.76G   0.08465   0.03705   0.02147    0.1432       172       640  0.004539   0.02222 0.0004867 9.734e-05    0.1234    0.1884   0.02552
    56/299     4.76G   0.08516   0.04589   0.02192     0.153       229       640   0.00572   0.03457 0.0005223 0.0001045    0.1232    0.1881   0.02544
    57/299     4.76G   0.08272   0.04019   0.01956    0.1425       157       640  0.007711   0.04691 0.0009258 0.0001095    0.1231    0.1888   0.02539
    58/299     4.76G   0.08798    0.0485   0.02124    0.1577       210       640   0.00991   0.04691  0.001177 0.0001409    0.1229    0.1899    0.0253
    59/299     4.76G   0.08207   0.04807   0.01843    0.1486       184       640   0.01398   0.04691  0.001573 0.0001877    0.1228     0.189   0.02524
    60/299     4.76G   0.08481   0.03404   0.01865    0.1375       148       640   0.01928   0.04691  0.001943 0.0002352    0.1227    0.1887   0.02523
    61/299     4.76G   0.08315   0.04208   0.01917    0.1444       168       640   0.02661   0.04691  0.003343 0.0004281    0.1228    0.1873   0.02522
    62/299     4.76G   0.08671   0.04329   0.01831    0.1483       252       640   0.03316   0.04691  0.004823 0.0006367    0.1228    0.1856   0.02519
    63/299     4.76G   0.08093   0.03418   0.02057    0.1357       170       640   0.05397   0.04691  0.006819 0.0009438    0.1226    0.1838   0.02513
    64/299     4.76G   0.09695   0.02669   0.01692    0.1406       185       640   0.02443   0.05679  0.004919 0.0009877     0.122    0.1828   0.02516
    65/299     4.76G   0.07868     0.046   0.02164    0.1463       244       640    0.0406   0.03457  0.006943   0.00114    0.1212    0.1839    0.0249
    66/299     4.76G   0.08669   0.03734   0.02134    0.1454       229       640   0.09078   0.04739   0.02055  0.002576    0.1206    0.1816    0.0248
    67/299     4.76G   0.08728   0.04532   0.01636     0.149       266       640   0.08331   0.04739   0.02161   0.00272    0.1193    0.1818    0.0246
    68/299     4.76G   0.08645   0.02403   0.01759    0.1281        86       640   0.07527   0.06961   0.02457  0.002725     0.119    0.1819   0.02455
    69/299     4.76G   0.07926   0.03737   0.02117    0.1378       145       640   0.04842     0.152    0.0277   0.00335    0.1188    0.1815   0.02449
    70/299     4.76G   0.07771   0.04162    0.0208    0.1401       188       640   0.05357    0.1743   0.03131  0.003818    0.1182    0.1821   0.02438
    71/299     4.76G   0.08687   0.03549   0.01815    0.1405       175       640   0.05673    0.2686   0.03541  0.004836    0.1174    0.1835   0.02415
    72/299     4.76G   0.08164   0.03335   0.02191    0.1369       158       640   0.05292    0.2439   0.02983  0.004604    0.1166    0.1837   0.02393
    73/299     4.76G   0.05205   0.03496   0.01379    0.1008       168       640   0.04867    0.2434   0.02845  0.004362    0.1167    0.1825   0.02383
    74/299     4.76G   0.08327   0.05023   0.01955     0.153       354       640   0.05431     0.278   0.03217  0.005202    0.1172     0.179   0.02375
    75/299     4.76G    0.0781   0.02195   0.02052    0.1206        59       640    0.0601    0.2955   0.03589  0.005628    0.1171    0.1757   0.02377
    76/299     4.76G    0.0826   0.05064   0.02074     0.154       269       640   0.07075    0.2913   0.04231  0.007004    0.1169    0.1734   0.02381
    77/299     4.76G   0.05304   0.03773   0.01478    0.1056       270       640    0.0779     0.316   0.04631  0.008355    0.1163    0.1702   0.02393
    78/299     4.76G   0.05628   0.02887   0.01339   0.09854       221       640    0.0795    0.3049   0.05005  0.008927    0.1166    0.1672   0.02405
    79/299     4.76G   0.04811   0.02268   0.01182   0.08261        63       640   0.07702    0.3056   0.05114  0.009107    0.1163    0.1648    0.0243
    80/299     4.76G   0.07832   0.05088   0.01855    0.1477       287       640   0.08134    0.3402   0.05732   0.01023    0.1163    0.1645   0.02431
    81/299     4.76G   0.05424   0.03102   0.01311   0.09837       165       640    0.0798    0.4038   0.06112   0.01061    0.1164    0.1637   0.02428
    82/299     4.76G   0.07997   0.03021    0.0161    0.1263       137       640   0.07686    0.4448   0.04214  0.009049     0.117    0.1655   0.02402
    83/299     4.76G   0.07565   0.03387   0.01944     0.129       123       640   0.08246     0.389   0.05263   0.01059     0.117    0.1695   0.02393
    84/299     4.76G   0.07579   0.04309   0.01957    0.1384       237       640   0.09745    0.3929   0.06895   0.01458    0.1172    0.1724   0.02372
    85/299     4.76G   0.07749    0.0292   0.01908    0.1258       116       640    0.0915    0.3292   0.05691   0.01293    0.1177    0.1679   0.02388
    86/299     4.76G   0.08353   0.03412   0.01994    0.1376       136       640   0.09418    0.3766   0.05941   0.01347    0.1185    0.1673   0.02381
    87/299     4.76G   0.05065   0.03074   0.01365   0.09504       181       640    0.1014    0.3297   0.08305    0.0138    0.1193    0.1663   0.02385
    88/299     4.76G   0.05207   0.02885   0.01303   0.09395       182       640    0.1007    0.3515   0.08699    0.0168    0.1195     0.165   0.02382
    89/299     4.76G   0.04719   0.03557   0.01277   0.09553       164       640    0.1047    0.3515   0.09255   0.01929    0.1198    0.1634   0.02386
    90/299     4.76G    0.0544    0.0349   0.01252    0.1018       260       640   0.08819    0.5297    0.1086   0.02629      0.12    0.1619   0.02384
    91/299     4.76G   0.08704   0.03353   0.02011    0.1407       155       640   0.08933    0.5519    0.1165   0.02714    0.1197    0.1609   0.02381
    92/299     4.76G   0.08443   0.04618   0.01632    0.1469       318       640    0.1289    0.3604    0.1189   0.03217    0.1203    0.1603   0.02362
    93/299     4.76G   0.04827   0.04119   0.01259    0.1021       218       640    0.1628    0.3485    0.1228   0.03847    0.1206    0.1583   0.02358
    94/299     4.76G   0.04752   0.02495   0.01296   0.08542       106       640    0.1778    0.3485    0.1226   0.03763    0.1207    0.1575   0.02348
    95/299     4.76G   0.07043   0.02987   0.02168     0.122       111       640    0.1399     0.386    0.1263   0.03369    0.1221    0.1597   0.02352
    96/299     4.76G   0.07297   0.04649   0.01814    0.1376       195       640    0.1519    0.2419    0.1422   0.03854    0.1228    0.1584   0.02362
    97/299     4.76G   0.08121   0.03961   0.01984    0.1407       190       640    0.1589    0.2644    0.1477   0.03886    0.1226     0.156   0.02354
    98/299     4.76G   0.07792   0.03766   0.02037     0.136       281       640    0.1842    0.2844    0.1393   0.03641    0.1218    0.1536    0.0235
    99/299     4.76G   0.06947   0.03448   0.01544    0.1194       210       640    0.1293    0.4923    0.1653   0.04579    0.1223    0.1538   0.02339
   100/299     4.76G   0.07073   0.03962   0.01759    0.1279       206       640     0.218    0.2513    0.2012   0.05828    0.1236    0.1525   0.02338
   101/299     4.76G   0.08502   0.04259   0.02284    0.1505       250       640    0.2713    0.2513     0.204   0.05935    0.1242    0.1519   0.02341
   102/299     4.76G   0.05165   0.02327   0.01384   0.08876       159       640    0.6313    0.2735     0.233   0.06792     0.125    0.1545    0.0233
   103/299     4.76G    0.0449   0.03656   0.01288   0.09434       162       640    0.6279    0.2513    0.2214   0.07066     0.125    0.1548   0.02329
   104/299     4.76G   0.04963   0.02952   0.01309   0.09225       150       640    0.6827    0.2189    0.2387   0.07636    0.1251    0.1559   0.02322
   105/299     4.76G     0.047   0.02718   0.01536   0.08954       145       640    0.7054    0.2425    0.2658   0.08226    0.1252    0.1569   0.02315
   106/299     4.76G   0.04818   0.04482   0.01332    0.1063       262       640    0.6691    0.2385    0.2621   0.08882    0.1252     0.156   0.02308
   107/299     4.76G   0.09464   0.03203   0.02281    0.1495       211       640    0.6463    0.2695    0.2661   0.09433    0.1258    0.1527   0.02326
   108/299     4.76G   0.04735   0.04853   0.01205    0.1079       322       640    0.6071    0.2957    0.2748    0.1007    0.1262    0.1498   0.02338
   109/299     4.76G   0.04892   0.03683   0.01275   0.09849       289       640    0.6163    0.2583    0.2829    0.1144    0.1266    0.1482   0.02341
   110/299     4.76G   0.07369   0.04167   0.02123    0.1366       203       640     0.546    0.3073    0.2332   0.08452    0.1259    0.1457   0.02377
   111/299     4.76G   0.04635   0.04211   0.01232    0.1008       241       640    0.5258    0.3448    0.2309   0.08676    0.1258    0.1439   0.02377
   112/299     4.76G   0.07387   0.04875   0.01924    0.1419       401       640    0.5394    0.3122    0.2443   0.09858    0.1291    0.1455   0.02343
   113/299     4.76G     0.076   0.03471   0.01717    0.1279       203       640     0.157    0.6486    0.2253   0.09091    0.1305    0.1453   0.02336
   114/299     4.76G   0.04965   0.03057   0.01134   0.09155       244       640    0.1472    0.6614    0.2115   0.08723    0.1314    0.1463    0.0232
   115/299     4.76G   0.04561   0.02769   0.01269   0.08599       155       640    0.1463    0.6861    0.2222   0.08959    0.1317    0.1462   0.02319
   116/299     4.76G   0.04528   0.02983   0.01447   0.08959       151       640     0.144    0.6477    0.2321   0.09672    0.1319    0.1458   0.02317
   117/299     4.76G   0.04853   0.02595   0.01367   0.08816       164       640    0.1383    0.6958     0.241   0.09891    0.1321     0.146   0.02315
   118/299     4.76G   0.04318   0.02518   0.01093   0.07929       113       640    0.1525    0.6106    0.2364     0.104    0.1323    0.1467   0.02321
   119/299     4.76G   0.04895   0.03832   0.01235   0.09962       292       640    0.1551    0.6353    0.2405   0.09995    0.1325     0.147   0.02317
   120/299     4.76G   0.04342   0.03159   0.01265   0.08767       152       640     0.157    0.6353    0.2239   0.09378    0.1327    0.1472   0.02317
   121/299     4.76G    0.0435   0.03853   0.01272   0.09475       211       640     0.164    0.6605    0.2385    0.1037    0.1326    0.1475   0.02323
   122/299     4.76G   0.04165   0.05129   0.01274    0.1057       240       640    0.1645     0.656     0.248    0.1051    0.1325    0.1467   0.02331
   123/299     4.76G   0.04358   0.03949   0.01336   0.09643       212       640    0.1621    0.6477    0.2501    0.1107    0.1323    0.1461    0.0234
   124/299     4.76G   0.04132    0.0288   0.01401   0.08414        90       640    0.1695    0.6477    0.2503    0.1101    0.1321    0.1468   0.02348
   125/299     4.76G   0.04075   0.02797   0.01171   0.08043       113       640    0.1752    0.6477    0.2489    0.1001    0.1321    0.1468   0.02347
   126/299     4.76G   0.04407   0.03772   0.01291   0.09471       171       640    0.1803    0.6728    0.2539    0.1166    0.1317    0.1471   0.02346
   127/299     4.76G    0.0391   0.03426   0.01379   0.08715        90       640    0.1884    0.6857    0.2566    0.1123    0.1314    0.1479    0.0235
   128/299     4.76G   0.04308   0.03091   0.01296   0.08695       167       640    0.1928    0.6857    0.2611    0.1141    0.1311    0.1485   0.02351
   129/299     4.76G   0.04292   0.03083   0.01365    0.0874       145       640    0.1931    0.6728    0.2691    0.1189    0.1311    0.1485   0.02349
   130/299     4.76G   0.04475   0.04963   0.01257    0.1069       319       640    0.1943    0.6728    0.2773    0.1215    0.1307    0.1482   0.02352
   131/299     4.76G   0.05985   0.02386   0.02662    0.1103        68       640    0.1755    0.6994    0.3086    0.1282    0.1287    0.1534    0.0236
   132/299     4.76G   0.03774   0.02978   0.01262   0.08014       105       640    0.1617    0.7326    0.3608    0.1358    0.1285    0.1552    0.0234
   133/299     4.76G   0.05767   0.02771   0.02156    0.1069       110       640    0.1638    0.7088    0.3531     0.112    0.1295    0.1562   0.02331
   134/299     4.76G   0.03867   0.03466   0.01135   0.08468       136       640    0.1737     0.717     0.371    0.1172    0.1303    0.1551   0.02322
   135/299     4.76G   0.04407   0.03223     0.012   0.08831       199       640    0.6189    0.2529    0.3749    0.1138    0.1316     0.151   0.02321
   136/299     4.76G   0.04184   0.03585   0.01285   0.09054       175       640    0.7533    0.2573    0.4028    0.1524    0.1316    0.1491   0.02323
   137/299     4.76G   0.04586   0.03386   0.01309   0.09281       242       640    0.5644    0.3368    0.3585    0.1369    0.1323    0.1451   0.02326
   138/299     4.76G   0.04755   0.01248   0.01562   0.07566         5       640     0.207    0.7175    0.4431    0.1792    0.1328    0.1445   0.02317
   139/299     4.76G   0.04336   0.02656   0.01249   0.08241       159       640    0.6793    0.3145    0.4367    0.1766    0.1324    0.1454   0.02314
   140/299     4.76G     0.118   0.03481   0.01805    0.1708       187       640    0.7101    0.2907    0.4303    0.1742    0.1323    0.1452   0.02314
   141/299     4.76G   0.04037   0.02341   0.01177   0.07555        87       640    0.7309    0.2887    0.4274    0.1615    0.1323    0.1455   0.02316
   142/299     4.76G   0.03788   0.03749   0.01259   0.08796       144       640    0.6717    0.3145    0.4442     0.185    0.1317     0.148   0.02317
   143/299     4.76G   0.03938   0.03778   0.01278   0.08995       172       640    0.6666    0.3135    0.4617    0.2042    0.1311    0.1483   0.02322
   144/299     4.76G   0.04234   0.05076   0.01279    0.1059       267       640    0.7359    0.2923    0.4618    0.2035    0.1313    0.1443   0.02327
   145/299     4.76G   0.04372   0.01925   0.01159   0.07456        86       640    0.7085      0.27    0.4191     0.157    0.1317    0.1423   0.02333
   146/299     4.76G   0.04218    0.0769   0.01176    0.1308       442       640     0.688    0.2696    0.4175    0.1539     0.132    0.1374   0.02341
   147/299     4.76G   0.03926   0.05369   0.01185    0.1048       280       640    0.7276    0.3217    0.4703    0.1824    0.1317    0.1347   0.02346
   148/299     4.76G   0.04718   0.03699   0.01225   0.09643       339       640    0.7882    0.2923    0.4676    0.1747    0.1315    0.1335   0.02345
   149/299     4.76G   0.03942   0.04185    0.0127   0.09398       245       640    0.7387    0.3137    0.5083    0.2286    0.1313    0.1323   0.02348
   150/299     4.76G   0.03653   0.04174    0.0127   0.09096       174       640    0.6407    0.4195    0.5164     0.242    0.1311    0.1314   0.02349
   151/299     4.76G   0.03969   0.03103   0.01347   0.08419       139       640    0.6315    0.4301    0.5196     0.256    0.1312    0.1322   0.02347
   152/299     4.76G   0.03974   0.02553   0.01326   0.07854       121       640    0.2203    0.8343    0.5068    0.2298    0.1307     0.135   0.02347
   153/299     4.76G   0.03953   0.02832   0.01216      0.08       143       640    0.2152    0.8481    0.5011    0.2185      0.13    0.1385   0.02347
   154/299     4.76G   0.03641   0.03616   0.01256   0.08513       199       640    0.2318    0.8234     0.504    0.2204    0.1294    0.1404   0.02349
   155/299     4.76G    0.0333   0.02624   0.01116    0.0707        78       640    0.2394    0.8253     0.499    0.2248    0.1289    0.1437   0.02352
   156/299     4.76G   0.03946   0.02892   0.01217   0.08055       172       640    0.2299    0.8229    0.4902    0.2022    0.1286    0.1462   0.02351
   157/299     4.76G   0.04235   0.03912    0.0114   0.09287       282       640    0.2296    0.7688     0.489    0.1878    0.1287    0.1461   0.02351
   158/299     4.76G   0.04027   0.03274   0.01159    0.0846       174       640    0.6649     0.365    0.4844     0.203    0.1281    0.1481   0.02356
   159/299     4.76G   0.03855   0.02338   0.01242   0.07435       103       640    0.6459    0.3658    0.4777    0.2144    0.1287    0.1482   0.02359
   160/299     4.76G    0.0396   0.04568   0.01163   0.09691       282       640    0.6804    0.3658    0.4863    0.2207    0.1284    0.1469    0.0236
   161/299     4.76G   0.03937   0.03461   0.01112    0.0851       165       640    0.6671     0.388    0.4954    0.2142    0.1275    0.1471   0.02363
   162/299     4.76G   0.03632   0.04258   0.01223   0.09113       194       640    0.6786    0.3862    0.4942    0.2088    0.1276    0.1446    0.0237
   163/299     4.76G   0.03837     0.035   0.01117   0.08454       217       640    0.6697     0.388    0.4948    0.2094    0.1272    0.1433   0.02376
   164/299     4.76G   0.03673   0.05754   0.01329    0.1076       290       640    0.6869    0.3852    0.5031    0.2153    0.1272    0.1398   0.02383
   165/299     4.76G   0.03501   0.03124   0.01447   0.08072       137       640    0.6983    0.4009    0.5112    0.2184    0.1268    0.1399   0.02388
   166/299     4.76G   0.03427   0.03225   0.01282   0.07934       131       640    0.6937    0.4009    0.5111    0.2307    0.1266    0.1386   0.02391
   167/299     4.76G   0.03451   0.03468   0.01231   0.08151       174       640    0.6871    0.4008    0.5008    0.2179    0.1266    0.1371   0.02395
   168/299     4.76G   0.03296   0.02146   0.01126   0.06568        55       640    0.6814    0.4009    0.4981    0.2081    0.1267     0.138   0.02394
   169/299     4.76G    0.1126   0.02832   0.02104    0.1619       109       640    0.2189    0.7982    0.4787    0.1896    0.1262    0.1405   0.02384
   170/299     4.76G   0.03797   0.03811   0.01114   0.08722       225       640    0.2159    0.8234    0.4588    0.1952    0.1268    0.1397   0.02383
   171/299     4.76G   0.03933   0.03539   0.01208   0.08681       180       640    0.2184    0.8234    0.4664    0.2062    0.1257    0.1408   0.02378
   172/299     4.76G   0.03772   0.03816   0.01081   0.08669       231       640    0.2284    0.8068    0.4684    0.2015    0.1248    0.1407   0.02379
   173/299     4.76G   0.03723   0.03854   0.01195   0.08772       240       640    0.2352     0.811    0.4634    0.2191    0.1248    0.1393   0.02382
   174/299     4.76G   0.03383   0.03602   0.01259   0.08244       157       640    0.2314    0.8216    0.4571    0.2239     0.125    0.1371   0.02385
   175/299     4.76G   0.03539   0.04336   0.01276   0.09151       234       640    0.2274    0.8609    0.4781     0.216    0.1238    0.1356   0.02386
   176/299     4.76G   0.03855   0.02782   0.01283    0.0792       155       640    0.2302    0.8485    0.4433    0.2132    0.1246    0.1337   0.02388
   177/299     4.76G   0.03386   0.03371   0.01326   0.08084       199       640    0.2276    0.8609    0.4337    0.1998    0.1246    0.1316    0.0239
   178/299     4.76G   0.03603   0.03341   0.01217   0.08161       178       640    0.2206    0.9134    0.3929    0.1771    0.1229    0.1322   0.02391
   179/299     4.76G   0.03938   0.04148   0.01251   0.09337       325       640    0.2151    0.9216    0.3852    0.1556    0.1233    0.1294   0.02392
   180/299     4.76G   0.03601   0.03328   0.01273   0.08202       192       640    0.2257    0.8609    0.4201    0.1775    0.1234    0.1281   0.02389
   181/299     4.76G   0.03561   0.03681   0.01177   0.08419       236       640    0.2312     0.842    0.4252    0.1947    0.1226    0.1275   0.02387
   182/299     4.76G   0.03519   0.03336  0.009465   0.07801       178       640    0.2223     0.856    0.4296    0.1952    0.1226    0.1265   0.02387
   183/299     4.76G    0.0326   0.04457   0.01242   0.08959       212       640    0.2336    0.9062    0.4388       0.2    0.1223    0.1252   0.02391
   184/299     4.76G   0.03215   0.02611   0.01246   0.07072        70       640    0.2351    0.7365    0.3926    0.1516    0.1227    0.1256   0.02391
   185/299     4.76G   0.03641   0.04511   0.01274   0.09426       314       640    0.2078    0.9086     0.408     0.158    0.1216    0.1262   0.02392
   186/299     4.76G   0.03415   0.03703   0.01203   0.08321       203       640    0.2231     0.786    0.3869    0.1364     0.121    0.1259   0.02393
   187/299     4.76G   0.03383   0.02722   0.01233   0.07339       114       640    0.2209    0.7733    0.3832    0.1232    0.1206     0.127   0.02395
   188/299     4.76G   0.03228   0.03711   0.01102   0.08041       208       640    0.2177    0.7493    0.3569     0.135    0.1206    0.1271   0.02397
   189/299     4.76G   0.03832   0.04329   0.01166   0.09328       318       640    0.2083    0.7579     0.304    0.1261    0.1214    0.1255     0.024
   190/299     4.76G   0.03486   0.03686   0.01238   0.08409       226       640    0.2272    0.7873    0.3811    0.1384    0.1196    0.1258   0.02398
   191/299     4.76G   0.03564    0.0571   0.01133    0.1041       376       640    0.2271    0.7873    0.3495    0.1481      0.12    0.1222   0.02401
   192/299     4.76G   0.03225    0.0282    0.0148   0.07525       117       640    0.2308    0.7989    0.3714    0.1389    0.1193    0.1224   0.02397
   193/299     4.76G   0.03404   0.03406   0.01183   0.07994       192       640    0.2276    0.7749    0.3327    0.1542      0.12    0.1217   0.02395
   194/299     4.76G   0.03321   0.03458   0.01285   0.08064       196       640    0.2287    0.7877    0.3476    0.1471    0.1194    0.1227   0.02393
   195/299     4.76G   0.03326   0.05817   0.01182    0.1032       361       640    0.2225    0.8118    0.3645    0.1401    0.1194    0.1207   0.02396
   196/299     4.76G   0.02984   0.04022   0.01375   0.08381       202       640    0.2304    0.7877    0.3605    0.1559    0.1189    0.1198   0.02395
   197/299     4.76G    0.1063   0.04815   0.01679    0.1713       264       640     0.224    0.7877    0.3551    0.1531    0.1188    0.1187   0.02402
   198/299     4.76G   0.02916    0.0317   0.01289   0.07375       148       640    0.2265    0.7731    0.3845    0.1448     0.118    0.1197   0.02403
   199/299     4.76G   0.02918   0.03057   0.01447   0.07421       102       640    0.2087    0.7729    0.3335    0.1399    0.1191    0.1195     0.024
   200/299     4.76G   0.03325   0.04643   0.01202    0.0917       216       640    0.2153    0.7877    0.3671    0.1425    0.1185    0.1181     0.024
   201/299     4.76G     0.033   0.03989   0.01203   0.08492       207       640    0.1975    0.8487    0.3498    0.1279    0.1201    0.1165   0.02399
   202/299     4.76G   0.03422    0.0396   0.01169    0.0855       235       640    0.1995    0.7493    0.3282      0.13    0.1208    0.1156     0.024
   203/299     4.76G   0.03533   0.03403   0.01225   0.08162       144       640    0.2112    0.8376    0.3959    0.1522    0.1192    0.1183   0.02393
   204/299     4.76G   0.03612   0.02784   0.01075    0.0747       173       640    0.2179    0.7746     0.356     0.139    0.1196    0.1199   0.02391
   205/299     4.76G    0.0332   0.03901    0.0118   0.08401       232       640    0.2222    0.7873    0.3495    0.1491    0.1195    0.1213    0.0239
   206/299     4.76G   0.03211   0.03267   0.01151   0.07629       243       640    0.2185    0.7749    0.3503    0.1364      0.12    0.1219   0.02386
   207/299     4.76G   0.03032   0.02849   0.01113   0.06993       120       640    0.2262    0.7974    0.3944    0.1466    0.1182    0.1243   0.02384
   208/299     4.76G   0.03037    0.0401    0.0118   0.08227       158       640    0.2237    0.8124    0.3645    0.1408    0.1183    0.1251   0.02383
   209/299     4.76G   0.03136   0.03362   0.01212   0.07709       184       640     0.227     0.812     0.382    0.1617    0.1174    0.1258   0.02382
   210/299     4.76G   0.02785   0.03522   0.01259   0.07566       165       640    0.2272    0.8208    0.3901    0.1629    0.1169    0.1262   0.02382
   211/299     4.76G   0.02844   0.03024   0.01018   0.06886       148       640    0.2197    0.8071     0.377    0.1453     0.117    0.1261    0.0238
   212/299     4.76G   0.02971   0.03543   0.01318   0.07832       202       640    0.2316    0.8253     0.396    0.1597    0.1167    0.1258   0.02379
   213/299     4.76G   0.02824   0.03209   0.01138   0.07171       125       640    0.2284    0.8103    0.4022    0.1556    0.1159    0.1268   0.02381
   214/299     4.76G   0.02612    0.0326   0.01192   0.07063       145       640      0.22    0.8078      0.38    0.1541    0.1155    0.1275   0.02381
   215/299     4.76G   0.03196   0.02601   0.01293   0.07091       147       640    0.2181    0.8001    0.3965    0.1654    0.1151    0.1292   0.02378
   216/299     4.76G   0.02942   0.03438   0.01202   0.07582       188       640    0.1929    0.7745    0.2746    0.1306    0.1179    0.1274   0.02376
   217/299     4.76G   0.02894   0.04164   0.01428   0.08486       196       640    0.2184    0.8253    0.3883    0.1589    0.1153    0.1288   0.02374
   218/299     4.76G   0.03183   0.03603   0.01164    0.0795       181       640    0.2291    0.8253    0.3973    0.1696    0.1148    0.1283   0.02376
   219/299     4.76G   0.03162   0.04241   0.01114   0.08518       236       640    0.2228    0.8124      0.39    0.1502    0.1155    0.1266   0.02374
   220/299     4.76G    0.0314   0.04449    0.0122   0.08809       263       640    0.2364    0.7877    0.4211    0.1675    0.1154    0.1256   0.02376
   221/299     4.76G   0.02998   0.04019   0.01151   0.08169       180       640     0.246    0.7877    0.4272    0.2011    0.1148    0.1248   0.02376
   222/299     4.76G   0.03073   0.02901   0.01142   0.07116       111       640     0.229    0.7749     0.383    0.1654    0.1156    0.1245   0.02377
   223/299     4.76G   0.03146   0.02929   0.01098   0.07173       140       640    0.2352    0.7754    0.4112    0.1684    0.1148    0.1264   0.02377
   224/299     4.76G   0.03831   0.03943   0.01068   0.08843       276       640    0.2203    0.7996    0.3736    0.1548    0.1155    0.1272   0.02376
   225/299     4.76G   0.03176   0.03098    0.0121   0.07484       149       640     0.254    0.7377    0.3904    0.1804    0.1142    0.1288   0.02374
   226/299     4.76G   0.02692   0.02751   0.01183   0.06627       111       640     0.215    0.8376    0.3772    0.1688    0.1145    0.1308   0.02371
   227/299     4.76G   0.02808   0.02149   0.01064   0.06021        61       640    0.2559    0.7384    0.4039    0.1557    0.1138    0.1342   0.02371
   228/299     4.76G   0.03097   0.05557   0.01194   0.09848       321       640     0.249    0.7754    0.3899    0.1747     0.113     0.134   0.02373
   229/299     4.76G   0.03157   0.03181   0.01109   0.07447       133       640    0.2614    0.7384     0.399    0.1767    0.1128    0.1343   0.02371
   230/299     4.76G   0.02407   0.02308   0.01488   0.06202        80       640    0.2187    0.8376    0.3849    0.1672    0.1142    0.1335    0.0237
   231/299     4.76G   0.02963   0.02831   0.01308   0.07102       128       640    0.2402    0.7626    0.3689    0.1735    0.1129    0.1365   0.02366
   232/299     4.76G   0.03084   0.02968   0.01191   0.07243       127       640    0.2562    0.7038    0.3947    0.1798    0.1136    0.1366   0.02362
   233/299     4.76G   0.03196   0.04154   0.01135   0.08484       229       640    0.2414    0.7626    0.3792    0.1692     0.113    0.1369   0.02362
   234/299     4.76G   0.03089   0.04651   0.01269    0.0901       382       640    0.2459    0.7754    0.4178    0.1818    0.1126    0.1355   0.02361
   235/299     4.76G   0.03052   0.03628   0.01157   0.07838       163       640    0.2339    0.7996    0.4018    0.1694    0.1123    0.1356   0.02363
   236/299     4.76G   0.03024   0.02378   0.01355   0.06756        74       640    0.2488    0.7507    0.4139    0.1875    0.1126    0.1368    0.0236
   237/299     4.76G   0.02845   0.02746   0.01172   0.06763        92       640    0.2427    0.7631    0.4031    0.1736    0.1124    0.1396   0.02362
   238/299     4.76G   0.05491   0.04133   0.01789    0.1141       159       640    0.3352    0.6164    0.3883    0.1558    0.1124    0.1385   0.02364
   239/299     4.76G   0.02647   0.02796   0.01177   0.06621       110       640    0.3447    0.6489    0.3979    0.1626     0.112    0.1396   0.02364
   240/299     4.76G   0.02944   0.05665   0.01208   0.09818       326       640    0.2555    0.7635    0.3689    0.1691    0.1121    0.1369   0.02365
   241/299     4.76G    0.0312   0.02112   0.01426   0.06658        88       640    0.2617     0.726    0.3462    0.1395    0.1137    0.1363   0.02362
   242/299     4.76G   0.03103   0.03978   0.01288   0.08369       179       640    0.3506    0.6633    0.3914    0.1814    0.1116    0.1362   0.02362
   243/299     4.76G   0.03145    0.0479   0.01106   0.09041       321       640    0.3665    0.6762    0.3888    0.1917    0.1122    0.1335   0.02364
   244/299     4.76G   0.03079   0.05987   0.01236     0.103       331       640    0.3932    0.6757    0.4457    0.2264    0.1116    0.1299   0.02368
   245/299     4.76G   0.02645   0.04002   0.01377   0.08024       165       640    0.3479    0.6663    0.4644     0.235    0.1119     0.127    0.0237
   246/299     4.76G   0.02697   0.03507   0.01253   0.07457       185       640    0.2935     0.726    0.4295    0.2516     0.111    0.1269   0.02372
   247/299     4.76G   0.02714   0.03742   0.01256   0.07712       159       640    0.2999     0.726    0.4521    0.2399    0.1107    0.1263   0.02374
   248/299     4.76G   0.02937   0.02817   0.01158   0.06912       160       640    0.2944    0.7137    0.4567    0.2066    0.1117    0.1251   0.02375
   249/299     4.76G    0.1047   0.03079   0.02334    0.1588        97       640    0.3681    0.6663    0.4441    0.2108    0.1117    0.1258   0.02377
   250/299     4.76G   0.03313   0.02878   0.01163   0.07354        91       640    0.3887    0.6885    0.4232    0.2054    0.1113     0.128   0.02375
   251/299     4.76G   0.02802   0.03872   0.01068   0.07741       190       640    0.3863    0.6872    0.4206    0.2049    0.1104    0.1293   0.02375
   252/299     4.76G   0.02943    0.0281   0.01173   0.06926       162       640    0.3851    0.6885    0.4194    0.1945    0.1103    0.1293   0.02375
   253/299     4.76G   0.02467   0.03502   0.01042   0.07011       167       640    0.3919    0.6786     0.427    0.2001    0.1108    0.1289   0.02376
   254/299     4.76G   0.02946   0.05442   0.01233   0.09621       379       640    0.3877    0.6791    0.4459    0.2094    0.1102    0.1285   0.02378
   255/299     4.76G    0.0285   0.03192   0.01297   0.07339       236       640    0.3878    0.6885    0.4431     0.206      0.11    0.1281    0.0238
   256/299     4.76G   0.02806   0.04024   0.01258   0.08087       198       640      0.42    0.6862    0.4588    0.2356    0.1097    0.1274   0.02381
   257/299     4.76G   0.02662   0.03681   0.01135   0.07478       176       640    0.4226    0.6885     0.477    0.2293    0.1101    0.1268   0.02381
   258/299     4.76G   0.02536    0.0301   0.01138   0.06685       118       640    0.4297    0.6885    0.4826    0.2314    0.1099    0.1274   0.02382
   259/299     4.76G   0.02843   0.05278   0.01191   0.09312       355       640    0.4281    0.6876    0.4884    0.2558    0.1092     0.127   0.02382
   260/299     4.76G   0.02644    0.0372   0.01281   0.07644       159       640    0.4267    0.6885    0.4846    0.2467    0.1094    0.1265   0.02381
   261/299     4.76G    0.0244   0.03611   0.01245   0.07295       164       640    0.4225    0.6972    0.4629    0.2202    0.1095    0.1261   0.02381
   262/299     4.76G    0.0269   0.02458   0.01448   0.06596        87       640     0.419    0.6867    0.4538    0.2283    0.1094    0.1271   0.02376
   263/299     4.76G    0.0248   0.03172   0.01341   0.06994       139       640    0.4279    0.7005    0.4658    0.2275    0.1089    0.1281   0.02374
   264/299     4.76G   0.02624   0.04842   0.01267   0.08733       200       640    0.3986    0.6791    0.4517    0.2062    0.1097    0.1267   0.02376
   265/299     4.76G   0.03131   0.03635   0.01116   0.07882       279       640    0.3924    0.7013    0.4458    0.2089     0.109    0.1261   0.02375
   266/299     4.76G   0.02527   0.03346   0.01105   0.06978       179       640    0.3422    0.7517    0.4621    0.2164    0.1089    0.1255   0.02377
   267/299     4.76G   0.02442   0.04015   0.01331   0.07788       151       640    0.3449    0.7512    0.4551    0.2296    0.1085    0.1259   0.02375
   268/299     4.76G   0.02441   0.02144   0.01041   0.05626        35       640    0.3041    0.7887    0.4444    0.2235    0.1085    0.1276   0.02375
   269/299     4.76G   0.02382   0.02742   0.01202   0.06326        81       640    0.3457    0.7517    0.4492    0.2207    0.1086    0.1292   0.02372
   270/299     4.76G   0.03011   0.04985   0.01221   0.09217       356       640    0.2895    0.8015    0.4276    0.2219    0.1089     0.129    0.0237
   271/299     4.76G   0.02783   0.04141   0.01121   0.08045       175       640    0.2963    0.8015    0.4461     0.231    0.1087    0.1292   0.02369
   272/299     4.76G    0.0256   0.03793   0.01076    0.0743       174       640    0.3511     0.749    0.4458    0.2285    0.1085    0.1293   0.02368
   273/299     4.76G   0.02598   0.02231   0.01436   0.06265        70       640    0.3004    0.7887    0.4546    0.2186    0.1085    0.1307   0.02368
   274/299     4.76G   0.03056   0.04749   0.01086   0.08891       268       640    0.2933    0.7885    0.4244     0.216    0.1087    0.1311   0.02367
   275/299     4.76G   0.02812   0.04788    0.0105    0.0865       249       640    0.3311      0.76    0.4334    0.2285    0.1084    0.1306   0.02365
   276/299     4.76G   0.02493   0.05732   0.01299   0.09524       289       640    0.3447     0.763     0.462    0.2384    0.1085    0.1284   0.02367
   277/299     4.76G   0.02701   0.02402   0.01376   0.06479        86       640    0.3435    0.7636    0.4718    0.2333    0.1086    0.1285   0.02366
   278/299     4.76G   0.02585   0.04023    0.0115   0.07758       216       640    0.3226     0.764    0.4437    0.2367    0.1084    0.1289   0.02367
   279/299     4.76G   0.02794   0.03581   0.01262   0.07636       143       640    0.3295    0.7629    0.4453    0.2289    0.1082    0.1293   0.02368
   280/299     4.76G   0.02515   0.03223   0.01092    0.0683       114       640    0.3291     0.764    0.4533    0.2302    0.1082    0.1294   0.02368
   281/299     4.76G   0.02609   0.04007     0.011   0.07716       262       640    0.3267     0.764    0.4558    0.2344    0.1078    0.1295   0.02369
   282/299     4.76G   0.02431    0.0287   0.01327   0.06629       140       640    0.3271    0.7618    0.4594    0.2372    0.1076    0.1291   0.02368
   283/299     4.76G   0.02343    0.0257   0.01341   0.06255        71       640    0.3223    0.7609    0.4508    0.2322    0.1075    0.1302   0.02367
   284/299     4.76G   0.02649    0.0357   0.01226   0.07446       210       640    0.3098     0.764    0.4564    0.2118    0.1083    0.1307   0.02363
   285/299     4.76G   0.02511   0.03781   0.01301   0.07594       174       640    0.3179     0.764     0.455    0.2415    0.1071    0.1322   0.02362
   286/299     4.76G   0.02483   0.03762   0.01294   0.07539       162       640    0.4005    0.7105    0.4658    0.2349    0.1074     0.132   0.02362
   287/299     4.76G   0.02634   0.02608   0.01164   0.06405       109       640    0.3203     0.764    0.4621    0.2452    0.1071    0.1334   0.02358
   288/299     4.76G   0.02719   0.03277   0.01325   0.07321       202       640    0.3178    0.7734    0.4684     0.241    0.1072    0.1329   0.02357
   289/299     4.76G   0.02688   0.03282   0.01082   0.07052       175       640    0.3188    0.7764    0.4432    0.2305    0.1072    0.1333   0.02356
   290/299     4.76G   0.02569   0.05057   0.01288   0.08914       245       640    0.3148    0.7764    0.4404    0.2315    0.1072    0.1329   0.02356
   291/299     4.76G   0.02635   0.02781    0.0107   0.06486       129       640    0.3247    0.7764    0.4626    0.2312    0.1075    0.1325   0.02354
   292/299     4.76G   0.02651   0.04419   0.01169   0.08239       279       640    0.3292    0.7764    0.4667    0.2523    0.1071    0.1319   0.02354
   293/299     4.76G   0.02312   0.02859   0.01095   0.06266       110       640    0.3224    0.7764    0.4698    0.2544    0.1072    0.1327   0.02351
   294/299     4.76G   0.02427   0.03371   0.01064   0.06862       178       640    0.3292    0.7872    0.4744    0.2558    0.1071    0.1321    0.0235
   295/299     4.76G   0.02297   0.04864   0.01308    0.0847       251       640    0.3341    0.7892    0.4837    0.2547    0.1067    0.1306   0.02353
   296/299     4.76G   0.02688   0.02476   0.01216   0.06381       102       640    0.3369    0.7892     0.472    0.2436    0.1078      0.13   0.02352
   297/299     4.76G   0.03027   0.01935   0.01204   0.06166        64       640    0.3216    0.8009    0.4829    0.2536    0.1068    0.1316   0.02351
   298/299     4.76G   0.02684   0.04383   0.01202   0.08269       219       640    0.3118    0.7793    0.4819    0.2157     0.108    0.1307    0.0235
   299/299     4.76G   0.02422    0.0347   0.01332   0.07224       191       640    0.3249    0.7892    0.4842    0.2475     0.107    0.1318    0.0235
