     0/299     9.77G   0.06758   0.06332   0.02099    0.1519       663       640    0.0125   0.01597 0.0009473 0.0001916    0.1133    0.1283   0.02507
     1/299     10.5G   0.06624   0.06419   0.02108    0.1515       654       640   0.01653   0.01101   0.00103 0.0002255    0.1134     0.127    0.0251
     2/299     10.5G   0.06679   0.06447   0.02101    0.1523       659       640   0.01643   0.01101 0.0007466 0.0001941    0.1134    0.1261   0.02514
     3/299     10.5G   0.06606   0.06484   0.02086    0.1518       662       640   0.00958   0.02578 0.0007469 0.0001684    0.1133    0.1253   0.02518
     4/299     10.5G   0.06518   0.06603   0.02129    0.1525       658       640    0.0129   0.04031  0.001252 0.0002402    0.1132    0.1248   0.02522
     5/299     10.5G   0.06493   0.06626   0.02085     0.152       665       640   0.01131   0.04516  0.001144 0.0002347     0.113    0.1243   0.02524
     6/299     10.5G    0.0644   0.06606   0.02085    0.1513       657       640   0.02066   0.02408  0.001423 0.0002586    0.1127    0.1236   0.02528
     7/299     10.5G   0.06286   0.06706   0.02088    0.1508       660       640   0.01185    0.0483  0.001295 0.0002678    0.1124    0.1226   0.02533
     8/299     10.5G   0.06287   0.06768   0.02091    0.1514       664       640   0.01251   0.05157  0.001321 0.0002738    0.1123    0.1219   0.02534
     9/299     10.5G    0.0619   0.06644   0.02069     0.149       661       640   0.01351   0.03679  0.001456 0.0003021    0.1124    0.1212   0.02532
    10/299     10.5G   0.06049   0.06864   0.02046    0.1496       661       640   0.01366   0.04503  0.001316 0.0002487    0.1126    0.1207   0.02525
    11/299     10.5G   0.06177   0.06816   0.02011      0.15       660       640   0.01614   0.06609  0.001635 0.0003006    0.1128    0.1199   0.02523
    12/299     10.5G   0.05979   0.06865   0.02043    0.1489       659       640   0.01825   0.05654  0.001485 0.0003227    0.1125    0.1188   0.02519
    13/299     10.5G   0.05993   0.06791    0.0201    0.1479       658       640   0.02939    0.0373  0.003561 0.0005294    0.1125    0.1174   0.02518
    14/299     10.5G   0.05965   0.06721   0.01984    0.1467       664       640   0.03032   0.04371  0.004189 0.0008675    0.1124    0.1164   0.02515
    15/299     10.5G   0.05856   0.06839   0.02014    0.1471       658       640   0.02516   0.04673  0.004283 0.0008909    0.1122    0.1158   0.02511
    16/299     10.5G   0.05929   0.06762   0.01957    0.1465       659       640   0.03287   0.04856  0.005313  0.001306    0.1123    0.1143   0.02509
    17/299     10.5G   0.05914   0.06682   0.01947    0.1454       664       640   0.02553   0.08128   0.00566  0.001628    0.1121     0.113   0.02509
    18/299     10.5G   0.05867    0.0672   0.01949    0.1454       660       640   0.03252    0.1027   0.00812  0.002247    0.1118    0.1117   0.02509
    19/299     10.5G    0.0582   0.06654   0.01944    0.1442       664       640   0.03004    0.1016  0.009105  0.002438     0.111    0.1113   0.02503
    20/299     10.5G   0.05767     0.067   0.01889    0.1436       664       640    0.0426    0.0738   0.01089  0.002394    0.1101    0.1111   0.02495
    21/299     10.5G   0.05777   0.06447   0.01901    0.1413       662       640   0.04605   0.07053   0.01164   0.00265    0.1094    0.1115   0.02482
    22/299     10.5G   0.05789   0.06339   0.01921    0.1405       663       640   0.05945   0.08742   0.01936  0.003449    0.1088    0.1108   0.02472
    23/299     10.5G   0.05749   0.06175   0.01875     0.138       664       640   0.05691   0.09239   0.02072  0.003719    0.1087    0.1099   0.02473
    24/299     10.5G   0.05627   0.06185   0.01848    0.1366       664       640   0.06008    0.1119   0.02586  0.004835    0.1083    0.1094   0.02471
    25/299     10.5G   0.05659      0.06   0.01842     0.135       663       640    0.0706    0.1534   0.03519  0.006143     0.108    0.1094   0.02463
    26/299     10.5G   0.05567    0.0612   0.01813     0.135       658       640   0.07371    0.1597   0.03984  0.007636    0.1074    0.1092   0.02457
    27/299     10.5G   0.05583   0.05945   0.01794    0.1332       660       640   0.07932     0.181   0.04464  0.008967     0.107     0.109   0.02455
    28/299     10.5G   0.05557   0.05906   0.01796    0.1326       659       640   0.08731    0.2038   0.05515    0.0104    0.1067     0.109   0.02454
    29/299     10.5G   0.05425   0.05886   0.01762    0.1307       657       640   0.08212    0.2165   0.05186   0.01025    0.1063    0.1096   0.02458
    30/299     10.5G   0.05474   0.05842   0.01714    0.1303       665       640   0.08665    0.2245   0.05279   0.01094    0.1062    0.1088   0.02464
    31/299     10.5G   0.05495   0.05783   0.01727      0.13       664       640   0.09966     0.259   0.06751   0.01343    0.1057    0.1091    0.0247
    32/299     10.5G   0.05231   0.05859   0.01708     0.128       662       640    0.1031    0.2697   0.07096   0.01388    0.1056    0.1082   0.02471
    33/299     10.5G   0.05374   0.05739   0.01656    0.1277       661       640    0.1062    0.2916   0.07858    0.0161     0.105    0.1084   0.02473
    34/299     10.5G   0.05136   0.05643   0.01636    0.1242       658       640    0.1167    0.2901   0.08661   0.01787     0.104    0.1083   0.02468
    35/299     10.5G   0.05315   0.05592   0.01655    0.1256       663       640    0.1539    0.1918   0.09752   0.01969     0.103    0.1082   0.02465
    36/299     10.5G   0.05035   0.05522   0.01611    0.1217       661       640    0.1505    0.2163     0.115   0.02394    0.1026    0.1068   0.02476
    37/299     10.5G   0.05139   0.05414   0.01538    0.1209       658       640    0.1844    0.2265    0.1393   0.02983    0.1025    0.1072   0.02491
    38/299     10.5G   0.04956    0.0545    0.0158    0.1199       662       640     0.203    0.2198    0.1506   0.03225    0.1025    0.1063   0.02493
    39/299     10.5G   0.04994    0.0547   0.01528    0.1199       657       640    0.2227    0.2266    0.1666   0.03647    0.1019     0.108   0.02509
    40/299     10.5G   0.04811   0.05348   0.01482    0.1164       664       640    0.2179    0.2605    0.1953    0.0431    0.1009    0.1071   0.02511
    41/299     10.5G   0.04911   0.05255   0.01453    0.1162       666       640    0.2232    0.2754    0.2065   0.04675    0.1001    0.1073   0.02508
    42/299     10.5G   0.04858   0.05321   0.01478    0.1166       655       640    0.2725    0.2575     0.217   0.04872    0.1005    0.1067   0.02517
    43/299     10.5G   0.04809   0.05291   0.01477    0.1158       660       640    0.2578    0.3113    0.2291    0.0514   0.09966    0.1066   0.02525
    44/299     10.5G   0.04759    0.0524   0.01436    0.1144       658       640    0.2676    0.2989    0.2448   0.05588    0.1001    0.1047   0.02527
    45/299     10.5G   0.04852   0.05123   0.01389    0.1137       660       640     0.279    0.3177    0.2633   0.06439    0.0993    0.1045   0.02536
    46/299     10.5G   0.04655   0.05169   0.01377     0.112       662       640    0.2802    0.3119    0.2641   0.06654   0.09883     0.104   0.02539
    47/299     10.5G   0.04703   0.05035   0.01377    0.1112       661       640    0.3069    0.2972    0.2725   0.06695   0.09881    0.1032   0.02536
    48/299     10.5G   0.04591   0.04987   0.01358    0.1094       658       640    0.3356     0.282    0.2851    0.0761   0.09795     0.103    0.0255
    49/299     10.5G   0.04706   0.05014   0.01325    0.1104       660       640    0.3406    0.3179    0.3156   0.07698   0.09833    0.1024   0.02562
    50/299     10.5G   0.04595   0.05009   0.01289    0.1089       663       640    0.3487    0.3175    0.3167   0.08814   0.09764    0.1028   0.02571
    51/299     10.5G   0.04706   0.04908   0.01276    0.1089       662       640    0.3377    0.3141    0.3025   0.07056   0.09917    0.1025   0.02585
    52/299     10.5G    0.0463    0.0496   0.01268    0.1086       654       640    0.3271    0.3533    0.3309   0.09549   0.09772    0.1028   0.02586
    53/299     10.5G   0.04729     0.049   0.01272     0.109       664       640    0.3862    0.3255    0.3463    0.0897   0.09804    0.1019   0.02586
    54/299     10.5G   0.04349   0.04814   0.01268    0.1043       662       640    0.3806    0.3273    0.3749    0.1105   0.09721    0.1007   0.02586
    55/299     10.5G   0.04556   0.04906   0.01248    0.1071       661       640    0.3604    0.3545    0.3882     0.112   0.09861   0.09908   0.02576
    56/299     10.5G   0.04484   0.04777   0.01229    0.1049       663       640    0.3839    0.3619    0.4039    0.1214   0.09721    0.0987   0.02573
    57/299     10.5G    0.0461   0.04794   0.01177    0.1058       663       640    0.3038    0.5437    0.3951    0.1136   0.09839   0.09864   0.02572
    58/299     10.5G   0.04436   0.04749   0.01169    0.1035       662       640    0.3157    0.5244    0.3854    0.1112   0.09807   0.09871   0.02573
    59/299     10.5G   0.04574   0.04784    0.0116    0.1052       663       640     0.314    0.5618    0.4108    0.1253   0.09767   0.09798   0.02582
    60/299     10.5G   0.04365   0.04922   0.01162    0.1045       656       640    0.3685    0.5088    0.4178     0.129   0.09667    0.0975   0.02595
    61/299     10.5G   0.04351   0.04826   0.01104    0.1028       658       640     0.337    0.5522    0.4195    0.1303   0.09754   0.09711   0.02598
    62/299     10.5G   0.04769   0.05017   0.01114     0.109       664       640    0.3468    0.5529    0.4229    0.1399   0.09829   0.09543   0.02589
    63/299     10.5G   0.05005   0.05116   0.01084     0.112       663       640    0.3471    0.5326    0.3916   0.09747   0.09932   0.09557   0.02581
    64/299     10.5G    0.0467   0.05036   0.01085    0.1079       660       640    0.3941    0.4978    0.4158    0.1141   0.09932   0.09562   0.02577
    65/299     10.5G   0.04736   0.04889   0.01097    0.1072       662       640    0.3946    0.5013    0.4231    0.1269   0.09834   0.09486   0.02572
    66/299     10.5G    0.0456   0.04857   0.01096    0.1051       666       640    0.3623    0.5152    0.4192    0.1188   0.09668   0.09488   0.02567
    67/299     10.5G    0.0486   0.04832   0.01059    0.1075       658       640    0.3684    0.5316     0.427    0.1468   0.09421   0.09504   0.02564
    68/299     10.5G   0.04647   0.04748   0.01053    0.1045       664       640    0.3592     0.492    0.3284   0.08568   0.09585   0.09511   0.02566
    69/299     10.5G   0.05433   0.04856   0.01066    0.1135       662       640   0.03233    0.1207  0.007085  0.001328    0.1036   0.08962   0.02574
    70/299     10.5G   0.05866   0.04523   0.01269    0.1166       657       640   0.04025    0.1649   0.01129   0.00196    0.1023   0.09174    0.0257
    71/299     10.5G   0.05566   0.04463   0.01343    0.1137       663       640   0.06518    0.1923   0.02071  0.003804    0.1018   0.09505   0.02561
    72/299     10.5G   0.05432   0.04636   0.01239    0.1131       658       640    0.1036    0.2666   0.04408  0.009454   0.09856    0.1004   0.02553
    73/299     10.5G   0.05225   0.04925   0.01241    0.1139       662       640    0.1405    0.3362   0.07927   0.01534   0.09734    0.1034   0.02557
    74/299     10.5G   0.05219   0.05304   0.01175     0.117       661       640    0.1416    0.3689    0.1093   0.02291   0.09436    0.1057   0.02561
    75/299     10.5G   0.04736   0.06355   0.01101    0.1219       661       640    0.3299    0.2821    0.2507   0.05358   0.09352   0.09245   0.02542
    76/299     10.5G   0.04488   0.05592   0.01103    0.1118       660       640    0.4861    0.3825    0.3794   0.09772   0.09183    0.0912   0.02531
    77/299     10.5G   0.04571   0.05386   0.01056    0.1101       664       640    0.4663    0.4371    0.4337    0.1467   0.09037   0.09408   0.02516
    78/299     10.5G   0.04542   0.05468    0.0103    0.1104       657       640    0.3627    0.3321    0.2504   0.04587    0.0927   0.09676   0.02511
    79/299     10.5G   0.04286   0.05438   0.01059    0.1078       662       640    0.5654    0.3406    0.4121    0.1471   0.09176   0.09807    0.0251
    80/299     10.5G   0.04534   0.05596    0.0106    0.1119       656       640     0.187    0.3033    0.1233   0.02288   0.09424   0.09666   0.02515
    81/299     10.5G   0.04621     0.055   0.01023    0.1114       659       640    0.5034    0.3528    0.3937    0.1451   0.09082   0.09959   0.02517
    82/299     10.5G   0.04605   0.05644   0.01052     0.113       661       640    0.1742    0.3647    0.1378   0.02982   0.09486   0.09344    0.0251
    83/299     10.5G   0.04511   0.05616  0.009966    0.1112       666       640    0.3762    0.3946    0.3675     0.121   0.09116   0.09783   0.02518
    84/299     10.5G   0.04309   0.05549   0.01005    0.1086       663       640    0.4003    0.3644    0.3567     0.096    0.0902   0.09602   0.02525
    85/299     10.5G   0.04587   0.05326   0.01003    0.1092       663       640    0.4793    0.3823    0.3905     0.101   0.09201   0.09489   0.02524
    86/299     10.5G   0.04457   0.05379  0.009854    0.1082       663       640     0.508    0.3721    0.3963     0.105   0.09023    0.0975   0.02513
    87/299     10.5G   0.04378   0.05329   0.01017    0.1072       663       640     0.609    0.3862    0.4345    0.1184   0.09053   0.09715   0.02508
    88/299     10.5G   0.04313   0.05354   0.00979    0.1065       655       640    0.5254    0.3295    0.3618   0.08126   0.09066   0.09827    0.0252
    89/299     10.5G   0.04414    0.0534  0.009476     0.107       662       640    0.5739    0.4029    0.4346    0.1356   0.09012       0.1   0.02524
    90/299     10.5G     0.044   0.05397  0.009366    0.1073       664       640     0.556    0.3867    0.4051    0.1363   0.09044    0.0996   0.02522
    91/299     10.5G   0.04593   0.05523  0.009566    0.1107       658       640    0.3916    0.3306    0.2607   0.04817   0.09252    0.0979   0.02509
    92/299     10.5G    0.0454    0.0531  0.009379    0.1079       664       640    0.4907    0.3913    0.3899    0.1045    0.0906    0.1019   0.02496
    93/299     10.5G   0.04522   0.05304  0.009552    0.1078       662       640    0.3916    0.3564    0.3041   0.06158   0.09294    0.1019   0.02486
    94/299     10.5G   0.04638   0.05245  0.009216    0.1081       657       640    0.4865    0.3447    0.3651   0.08876   0.09175    0.1026   0.02466
    95/299     10.5G   0.04451   0.05296  0.009418    0.1069       656       640    0.5417    0.4169    0.4243    0.1186   0.08968    0.1028   0.02451
    96/299     10.5G   0.04543   0.05287  0.009363    0.1077       662       640    0.5247     0.376    0.3759   0.08841   0.09132    0.1002   0.02441
    97/299     10.5G   0.04206   0.05355  0.009278    0.1049       660       640    0.5733    0.4363    0.4539    0.1829   0.08816    0.1028   0.02437
    98/299     10.5G   0.04389   0.05483  0.009425    0.1081       661       640    0.5149    0.3902    0.3693   0.08383   0.09314   0.09834   0.02446
    99/299     10.5G   0.04507   0.05471  0.009205     0.109       663       640    0.5318    0.4326    0.4213    0.1288   0.08945    0.1007   0.02437
   100/299     10.5G   0.04821   0.05366  0.009287    0.1112       662       640    0.4246    0.2697    0.2501   0.04735   0.09352    0.1002   0.02431
   101/299     10.5G   0.04586   0.05458  0.008947    0.1094       663       640    0.5372    0.4116    0.4331    0.1662    0.0891    0.1108   0.02423
   102/299     10.5G   0.04382   0.05441  0.009298    0.1075       663       640    0.4215    0.3518    0.3033   0.06735   0.09241     0.101   0.02419
   103/299     10.5G   0.04182   0.05407  0.008836    0.1047       661       640    0.5226    0.4129    0.4224    0.1459   0.08954    0.1047   0.02411
   104/299     10.5G   0.04179   0.05478  0.009049    0.1056       656       640     0.428    0.3505    0.3027   0.06913   0.09135    0.1001   0.02416
   105/299     10.5G   0.04429   0.05372  0.008647    0.1067       665       640    0.6092    0.4293    0.4612    0.1721   0.08998    0.1026   0.02411
   106/299     10.5G   0.04261   0.05377  0.008339    0.1047       663       640    0.6305    0.4229    0.4412    0.1161   0.09037   0.09954   0.02407
   107/299     10.5G   0.04393   0.05305   0.00842    0.1054       662       640    0.5536    0.4083    0.4383    0.1181   0.09161     0.102   0.02403
   108/299     10.5G   0.04147   0.05411   0.00833    0.1039       659       640    0.6204    0.4688    0.4896    0.1664   0.08836    0.1062   0.02399
   109/299     10.5G   0.04328   0.05357  0.008483    0.1053       664       640    0.4838    0.3836    0.3397   0.07573    0.0922    0.1038   0.02403
   110/299     10.5G   0.04509   0.05315  0.008245    0.1065       656       640    0.4735    0.4509    0.4461    0.1787   0.09028     0.109   0.02403
   111/299     10.5G   0.04546   0.05518  0.008672    0.1093       661       640     0.365     0.358    0.2643   0.05286   0.09437     0.104   0.02406
   112/299     10.5G   0.04542   0.05343  0.008376    0.1072       659       640    0.5517    0.3872    0.3976   0.08587   0.08973    0.1072   0.02411
   113/299     10.5G   0.04543   0.05283  0.008392    0.1066       661       640    0.5949    0.4416     0.475    0.1564   0.08891    0.1087   0.02407
   114/299     10.5G   0.04434   0.05202  0.008403    0.1048       665       640    0.6104    0.4384    0.4783    0.1542   0.08808    0.1034   0.02407
   115/299     10.5G   0.04526   0.05201  0.008053    0.1053       661       640    0.5938    0.3902    0.4181   0.09404   0.09152    0.1016   0.02407
   116/299     10.5G   0.04266   0.05191  0.008142    0.1027       658       640    0.6157    0.4376    0.4641    0.1399   0.08958    0.1056   0.02403
   117/299     10.5G   0.04387   0.05379  0.007892    0.1055       660       640    0.4271    0.4559    0.4004    0.1089   0.08988    0.1053   0.02388
   118/299     10.5G   0.04392   0.05496  0.007965    0.1068       658       640    0.4828    0.3906    0.3988    0.1432   0.09052    0.1092   0.02385
   119/299     10.5G    0.0439   0.04994    0.0078    0.1016       664       640    0.5197    0.4835    0.4851    0.2073   0.09024    0.1092   0.02367
   120/299     10.5G   0.04915   0.05079   0.00824    0.1082       664       640   0.09118    0.3068   0.04674  0.009168    0.0971    0.1024   0.02357
   121/299     10.5G   0.05239   0.05537  0.008696    0.1165       660       640    0.1525    0.3022   0.08872     0.019   0.09626     0.115   0.02352
   122/299     10.5G   0.04706    0.0581  0.008153    0.1133       663       640     0.204    0.3001    0.1306    0.0275    0.0948     0.117   0.02348
   123/299     10.5G   0.04478   0.05557  0.008184    0.1085       657       640    0.3885    0.3663    0.2703   0.06892   0.09036    0.1198   0.02346
   124/299     10.5G   0.04147   0.05707  0.007639    0.1062       663       640    0.5867    0.4051    0.4527    0.1756    0.0855    0.1146   0.02348
   125/299     10.5G   0.04278   0.05345  0.007613    0.1039       658       640    0.6348    0.4175    0.4655    0.1647   0.08668    0.1044   0.02354
   126/299     10.5G   0.03923   0.05332  0.007359   0.09991       661       640    0.5643    0.4622    0.5014    0.2158   0.08347    0.1012   0.02355
   127/299     10.5G   0.04204   0.05633  0.007658     0.106       662       640    0.5379    0.4399    0.4002   0.09738   0.08775    0.1008   0.02356
   128/299     10.5G   0.04172   0.05435  0.007436    0.1035       663       640    0.5603    0.4674    0.5035    0.2187   0.08377    0.1072   0.02355
   129/299     10.5G   0.04247   0.05377  0.007327    0.1036       661       640    0.5795    0.4523    0.4464    0.1148   0.08794     0.106   0.02348
   130/299     10.5G   0.04267     0.052   0.00724    0.1019       658       640    0.5724    0.4771    0.5076    0.2212   0.08437    0.1104   0.02346
   131/299     10.5G   0.04294   0.05357  0.007398    0.1039       662       640    0.5198    0.4344    0.3855   0.08428   0.08747    0.1084   0.02343
   132/299     10.5G   0.04195   0.05308   0.00751    0.1025       661       640    0.5511    0.4767    0.4912    0.1881   0.08477    0.1137   0.02341
   133/299     10.5G   0.04131   0.05294  0.007002    0.1013       660       640      0.57    0.4947    0.5097    0.1315   0.08623    0.1103   0.02341
   134/299     10.5G   0.04325   0.05144   0.00698    0.1017       663       640    0.5993     0.438    0.4861    0.1707   0.08478    0.1124   0.02347
   135/299     10.5G   0.04218   0.05165  0.006884    0.1007       661       640    0.6712    0.4742    0.5412    0.1711   0.08497    0.1123   0.02353
   136/299     10.5G   0.04194   0.05272  0.007165    0.1018       664       640    0.5975     0.521    0.5494    0.1822   0.08381     0.113   0.02358
   137/299     10.5G   0.04018   0.05077  0.006876   0.09782       664       640    0.6406    0.5149    0.5598     0.203   0.08422    0.1095   0.02361
   138/299     10.5G   0.04081   0.05145  0.006516   0.09878       659       640    0.5153    0.5121    0.5013    0.1432   0.08531    0.1084   0.02366
   139/299     10.5G   0.04507   0.05098  0.007073    0.1031       662       640    0.6689    0.4939    0.5429    0.1731   0.08637    0.1128   0.02358
   140/299     10.5G   0.04144   0.05168  0.006812   0.09994       662       640    0.6514    0.5211    0.5702    0.2343   0.08418    0.1159   0.02354
   141/299     10.5G   0.04423   0.05127  0.006961    0.1025       658       640    0.6932    0.4857    0.5484    0.1546   0.08646    0.1123   0.02353
   142/299     10.5G   0.04374   0.05082   0.00657    0.1011       655       640    0.6062    0.4514    0.4946    0.1496   0.08607    0.1141   0.02356
   143/299     10.5G   0.04236   0.05036  0.006964   0.09969       657       640     0.712    0.4906    0.5564    0.2175   0.08424    0.1173   0.02356
   144/299     10.5G   0.04124   0.05144  0.006521    0.0992       656       640    0.6175    0.4588    0.5052    0.1308   0.08586    0.1157    0.0236
   145/299     10.5G   0.04049   0.04979  0.006483   0.09677       654       640    0.6967    0.4776    0.5433     0.273   0.08431    0.1157   0.02364
   146/299     10.5G   0.04164   0.05459  0.006745     0.103       662       640    0.4193     0.447    0.3161   0.06662   0.08785    0.1124   0.02369
   147/299     10.5G   0.04149   0.05303  0.005957    0.1005       656       640     0.699    0.4432    0.5044    0.1722   0.08691    0.1168   0.02369
   148/299     10.5G   0.04185    0.0506  0.006382   0.09883       663       640    0.6054    0.4891    0.5161    0.2253   0.08553    0.1188   0.02364
   149/299     10.5G   0.04312   0.05177  0.006257    0.1011       659       640       0.5    0.4823    0.4486    0.1025   0.08672    0.1185   0.02363
   150/299     10.5G   0.04206   0.05128  0.005592   0.09894       665       640    0.7598     0.508     0.576     0.296   0.08392    0.1248    0.0236
   151/299     10.5G   0.04227    0.0548   0.00604    0.1031       661       640    0.5804    0.4439    0.4501   0.09624   0.08699    0.1153   0.02353
   152/299     10.5G   0.04008   0.05207  0.006132   0.09828       663       640     0.679    0.4827    0.5392    0.2533   0.08358    0.1153   0.02345
   153/299     10.5G   0.03922   0.05053  0.005772   0.09552       658       640    0.7575    0.4782    0.5593    0.2011   0.08504    0.1107   0.02336
   154/299     10.5G   0.03951   0.04932  0.005688   0.09452       663       640    0.7783    0.5004    0.5802     0.295   0.08237    0.1126   0.02332
   155/299     10.5G    0.0432   0.05327  0.005865    0.1023       662       640    0.6524    0.4094    0.4373   0.09098   0.08739    0.1127   0.02327
   156/299     10.5G   0.04188   0.05202  0.005835   0.09973       661       640    0.6253    0.5018    0.5344    0.2654   0.08267    0.1224   0.02321
   157/299     10.5G   0.04138   0.05159  0.005865   0.09883       657       640    0.6505    0.4224    0.4467   0.09072   0.08633    0.1169   0.02325
   158/299     10.5G   0.04039   0.05071  0.005341   0.09644       664       640     0.704    0.4795    0.5512    0.2675   0.08253    0.1205   0.02325
   159/299     10.5G   0.04069   0.05067  0.005494   0.09686       663       640     0.773    0.4727    0.5488    0.1536   0.08484    0.1151   0.02332
   160/299     10.5G   0.04087   0.05012  0.005661   0.09665       663       640    0.7867    0.4859    0.5857    0.2734   0.08159    0.1167   0.02328
   161/299     10.5G   0.04215   0.05213  0.005698   0.09997       656       640    0.7583    0.4845    0.5523    0.1805   0.08487    0.1184   0.02327
   162/299     10.5G   0.04021   0.04965   0.00599   0.09585       660       640    0.8115    0.4798    0.5768    0.2915   0.08147    0.1208   0.02319
   163/299     10.5G    0.0413   0.05032  0.005704   0.09732       658       640     0.734    0.4418    0.4953    0.1001   0.08608    0.1171   0.02323
   164/299     10.5G   0.04004   0.05054  0.005639   0.09621       661       640     0.721    0.4818    0.5526    0.2601   0.08171    0.1238   0.02315
   165/299     10.5G   0.03981   0.05023  0.005557   0.09559       662       640    0.7986    0.4779    0.5653    0.1812   0.08394     0.118   0.02315
   166/299     10.5G   0.03844   0.04903  0.005033    0.0925       664       640    0.8466    0.4829    0.5932     0.318    0.0817    0.1175    0.0231
   167/299     10.5G     0.042   0.05221  0.005494   0.09971       664       640     0.671    0.4899    0.5196    0.1152    0.0851    0.1176   0.02312
   168/299     10.5G   0.03981   0.04987  0.005694   0.09537       657       640    0.7608    0.4813    0.5651    0.2778     0.082    0.1219   0.02317
   169/299     10.5G   0.04013   0.05058  0.005191    0.0959       664       640     0.736     0.486    0.5613    0.1482   0.08406    0.1191   0.02316
   170/299     10.5G      0.04   0.04865  0.004865   0.09352       661       640    0.8685    0.4813    0.5973    0.3214   0.08095    0.1203   0.02315
   171/299     10.5G   0.03989    0.0508  0.005363   0.09605       657       640    0.6958    0.4824    0.5389    0.1173   0.08462    0.1185   0.02311
   172/299     10.5G   0.04062   0.04957  0.005223   0.09541       660       640    0.8199    0.4833    0.5811    0.2896   0.08126    0.1234   0.02309
   173/299     10.5G   0.03918   0.04898  0.005191   0.09336       660       640    0.7873    0.4747    0.5632    0.1732   0.08333    0.1198   0.02314
   174/299     10.5G   0.03941   0.04828  0.004855   0.09255       658       640    0.8399    0.4798    0.5894    0.3134   0.08116    0.1205   0.02307
   175/299     10.5G   0.04085   0.05052  0.005209   0.09658       654       640    0.6936    0.4566    0.5062    0.1192   0.08396    0.1212   0.02307
   176/299     10.5G   0.03829   0.04926  0.004868   0.09242       662       640    0.8147    0.4781    0.5742    0.3019   0.08209    0.1267     0.023
   177/299     10.5G   0.04086   0.04946  0.005205   0.09553       656       640     0.737    0.4618    0.5376    0.1444   0.08383    0.1235   0.02298
   178/299     10.5G   0.03748   0.04867  0.004725   0.09087       654       640    0.8232    0.4827    0.5814    0.3112   0.08109    0.1241   0.02298
   179/299     10.5G   0.04176   0.05058  0.005011   0.09735       658       640     0.703    0.4649    0.5257    0.1183   0.08443     0.122   0.02303
   180/299     10.5G   0.03738   0.04993  0.004553   0.09186       659       640     0.795     0.483    0.5734    0.2797   0.08182    0.1255   0.02305
   181/299     10.5G   0.04038   0.04843  0.004745   0.09355       657       640    0.7817    0.4812    0.5685    0.1959   0.08313    0.1222   0.02314
   182/299     10.5G    0.0356   0.04752  0.004725   0.08784       655       640    0.8469    0.4813    0.5904    0.3226   0.08154    0.1201   0.02314
   183/299     10.5G   0.04129   0.05156  0.004962   0.09781       662       640     0.745    0.4541    0.5257    0.1149   0.08516    0.1201   0.02314
   184/299     10.5G   0.03934   0.04916  0.004739   0.09324       656       640     0.821    0.4765    0.5702     0.269   0.08221    0.1244   0.02321
   185/299     10.5G   0.03835   0.04788  0.005121   0.09135       663       640    0.8161    0.4796    0.5777    0.2181   0.08322     0.124    0.0231
   186/299     10.5G   0.03875   0.04664  0.004672   0.09006       655       640    0.8853    0.4741    0.5923    0.3221   0.08094     0.123   0.02296
   187/299     10.5G   0.03962    0.0508  0.004516   0.09493       664       640    0.6843     0.476    0.5337    0.1282   0.08374    0.1228   0.02302
   188/299     10.5G   0.03884   0.04843  0.004551   0.09183       659       640    0.8256     0.483    0.5815    0.2946   0.08199    0.1253   0.02305
   189/299     10.5G   0.03803   0.04742  0.004406   0.08987       661       640    0.8331    0.4781     0.582    0.2146   0.08234    0.1255   0.02308
   190/299     10.5G    0.0371   0.04608  0.004516    0.0877       660       640    0.8519    0.4846    0.5982    0.3294   0.08077    0.1221   0.02307
   191/299     10.5G   0.03854   0.04959  0.004218   0.09235       665       640    0.6633    0.4845     0.532    0.1355   0.08341    0.1206    0.0231
   192/299     10.5G   0.03792   0.04877  0.004391   0.09108       657       640    0.7002    0.4807    0.5452     0.282   0.08199    0.1229   0.02314
   193/299     10.5G   0.03861   0.05051  0.004388   0.09351       662       640    0.7231    0.4813    0.5508     0.127   0.08403    0.1252    0.0232
   194/299     10.5G   0.03677   0.04814  0.004346   0.08926       659       640    0.8486    0.4797    0.5976    0.2795   0.08115    0.1269   0.02326
   195/299     10.5G   0.03599   0.04615  0.004283   0.08643       654       640    0.7223    0.5388    0.6048    0.2837   0.08179     0.121   0.02323
   196/299     10.5G   0.03504   0.04521  0.004162   0.08441       662       640    0.8385    0.4893    0.6059     0.302   0.08027    0.1177   0.02318
   197/299     10.5G   0.03806    0.0473  0.004544    0.0899       662       640    0.7445    0.5298    0.6019    0.2448   0.08271    0.1178   0.02317
   198/299     10.5G   0.03621    0.0468  0.004183   0.08719       665       640    0.8761     0.489    0.6157    0.2943   0.08103    0.1203   0.02317
   199/299     10.5G    0.0398   0.04762  0.004266   0.09168       660       640    0.7417    0.5453    0.6165    0.2359   0.08263    0.1242   0.02311
   200/299     10.5G   0.03879    0.0453  0.004542   0.08863       662       640    0.8185    0.4958    0.6102     0.292   0.08117    0.1272     0.023
   201/299     10.5G   0.03777   0.04661  0.004049   0.08843       660       640    0.7415    0.5458    0.6152    0.2368   0.08306    0.1274   0.02299
   202/299     10.5G   0.03779    0.0458   0.00435   0.08794       662       640    0.8269    0.4954    0.6076    0.2572   0.08205    0.1292   0.02294
   203/299     10.5G   0.03733    0.0464  0.004292   0.08803       663       640    0.7538    0.5411    0.6168    0.2733   0.08252    0.1273    0.0229
   204/299     10.5G   0.03767   0.04656  0.004104   0.08833       656       640     0.811    0.5007    0.6117    0.2363   0.08224     0.128    0.0229
   205/299     10.5G   0.03873   0.04634  0.004088   0.08915       662       640     0.751     0.542    0.6195      0.27   0.08204    0.1274   0.02291
   206/299     10.5G   0.03632   0.04533  0.004511   0.08616       662       640    0.7482    0.5411    0.6207    0.2791   0.08171     0.127   0.02305
   207/299     10.5G   0.03845   0.04666  0.004116   0.08923       662       640     0.825    0.4995    0.6183    0.2481   0.08198    0.1263   0.02322
   208/299     10.5G   0.03802   0.04599  0.004512   0.08852       663       640     0.818    0.5063    0.6172    0.2504    0.0827    0.1274   0.02331
   209/299     10.5G   0.03816   0.04554  0.004093   0.08779       662       640    0.8149    0.5034    0.6182    0.2905   0.08146    0.1283   0.02325
   210/299     10.5G   0.03735    0.0448  0.004089   0.08624       659       640    0.8314    0.5004     0.621    0.2562   0.08221     0.127   0.02318
   211/299     10.5G    0.0383   0.04543  0.004029   0.08776       656       640    0.8408    0.5025    0.6216    0.2717   0.08162    0.1284    0.0231
   212/299     10.5G   0.03704   0.04519  0.004002   0.08623       654       640    0.7526     0.541    0.6223    0.2745   0.08147     0.129   0.02304
   213/299     10.5G   0.03703   0.04489  0.003858   0.08578       657       640    0.7453    0.5444    0.6194    0.2728   0.08101    0.1295   0.02295
   214/299     10.5G   0.03676   0.04544  0.004029   0.08623       655       640    0.8463    0.5026    0.6212    0.2643   0.08173    0.1289   0.02287
   215/299     10.5G    0.0369   0.04548  0.003851   0.08623       657       640    0.8481    0.5032      0.62    0.2739   0.08107    0.1297   0.02284
   216/299     10.5G   0.03597    0.0446  0.003839   0.08441       653       640    0.8527    0.5053    0.6211    0.2725   0.08139    0.1285   0.02285
   217/299     10.5G   0.03624   0.04599  0.004002   0.08623       661       640    0.7574    0.5428    0.6224    0.2772   0.08077     0.129   0.02287
   218/299     10.5G    0.0367   0.04467  0.003829   0.08521       663       640    0.8425    0.5057    0.6217    0.2666   0.08136    0.1286    0.0229
   219/299     10.5G    0.0352   0.04495  0.003873   0.08403       659       640    0.8425    0.5068    0.6239     0.277   0.08099    0.1288   0.02289
   220/299     10.5G   0.03657   0.04432  0.003762   0.08465       664       640    0.8335    0.5088     0.622    0.2777   0.08126    0.1274   0.02289
   221/299     10.5G   0.03584   0.04565  0.004128   0.08562       662       640    0.7643    0.5411    0.6241    0.2741   0.08072    0.1281   0.02288
   222/299     10.5G   0.03523   0.04412  0.003749    0.0831       663       640    0.8413    0.5088    0.6219    0.2795   0.08101    0.1277   0.02288
   223/299     10.5G   0.03442   0.04375  0.003521   0.08169       657       640    0.8455    0.5088    0.6244    0.2819   0.08058    0.1291   0.02288
   224/299     10.5G   0.03754   0.04422  0.003857   0.08562       661       640    0.8578    0.5033    0.6221    0.2779   0.08109    0.1289   0.02291
   225/299     10.5G    0.0358   0.04483  0.003767    0.0844       664       640    0.8609    0.5028    0.6212    0.2774   0.08065    0.1298   0.02288
   226/299     10.5G   0.03736   0.04417  0.003869    0.0854       660       640    0.8559    0.5026    0.6194    0.2922   0.08074    0.1294   0.02287
   227/299     10.5G   0.03493   0.04422  0.003636   0.08279       659       640    0.8565    0.5027    0.6182    0.2795   0.08079    0.1298   0.02286
   228/299     10.5G   0.03442   0.04397  0.004111    0.0825       659       640    0.8536    0.5027    0.6187    0.2905   0.08059    0.1294    0.0229
   229/299     10.5G   0.03638    0.0433  0.003685   0.08336       661       640     0.859    0.5033    0.6201    0.2825   0.08084    0.1295   0.02291
   230/299     10.5G   0.03343   0.04375  0.003616    0.0808       661       640    0.8583    0.5028    0.6212    0.2917   0.08048    0.1296   0.02294
   231/299     10.5G    0.0367   0.04327  0.003723   0.08369       662       640    0.8433     0.507    0.6173    0.2811   0.08091    0.1298    0.0229
   232/299     10.5G   0.03357   0.04421  0.003629   0.08141       659       640     0.838    0.5053    0.6159    0.2953   0.08043    0.1306   0.02294
   233/299     10.5G    0.0352   0.04401  0.003643   0.08285       665       640    0.8423    0.5089    0.6177    0.2834   0.08091    0.1307   0.02299
   234/299     10.5G   0.03348   0.04311  0.003599   0.08019       662       640    0.8413    0.5089    0.6186    0.2906   0.08045    0.1306   0.02301
   235/299     10.5G   0.03617    0.0437  0.003857   0.08373       659       640    0.8486    0.5099    0.6181    0.2866   0.08062    0.1308   0.02297
   236/299     10.5G   0.03404    0.0435  0.003763   0.08131       664       640    0.8468    0.5095    0.6167    0.2979    0.0802    0.1305   0.02296
   237/299     10.5G   0.03436   0.04379   0.00384   0.08199       663       640    0.8543    0.5101    0.6186    0.2832   0.08047    0.1308   0.02289
   238/299     10.5G   0.03422   0.04283  0.003586   0.08064       663       640    0.8473    0.5099    0.6161    0.3019    0.0804    0.1307   0.02289
   239/299     10.5G   0.03457   0.04325  0.003785   0.08161       663       640    0.8506    0.5102     0.621    0.2873   0.08054    0.1308   0.02287
   240/299     10.5G   0.03439   0.04265  0.003637   0.08068       657       640    0.8653    0.5094    0.6204    0.3027   0.08046    0.1301   0.02289
   241/299     10.5G   0.03386   0.04389   0.00385    0.0816       662       640    0.8687    0.5075    0.6201    0.2948   0.08008      0.13   0.02293
   242/299     10.5G   0.03439   0.04351   0.00387   0.08177       662       640    0.8662    0.5081    0.6228    0.3017   0.08027      0.13   0.02297
   243/299     10.5G   0.03391   0.04388  0.003476   0.08127       664       640     0.881     0.503    0.6231    0.3042   0.08011      0.13     0.023
   244/299     10.5G   0.03397   0.04267   0.00355   0.08019       665       640    0.8511    0.5131    0.6235     0.297   0.08033    0.1301   0.02305
   245/299     10.5G   0.03367   0.04258   0.00373   0.07999       663       640    0.8875    0.5027     0.622    0.3088   0.07986    0.1301   0.02305
   246/299     10.5G   0.03361   0.04242  0.003398   0.07944       665       640    0.8884    0.5028    0.6246    0.2936   0.08039    0.1301   0.02305
   247/299     10.5G   0.03455   0.04214  0.003592   0.08028       663       640    0.8883    0.5028    0.6244    0.3008   0.07981    0.1302   0.02303
   248/299     10.5G   0.03321   0.04261  0.003458   0.07928       660       640    0.8806    0.5092    0.6276    0.3045   0.08027    0.1294   0.02307
   249/299     10.5G    0.0326    0.0429  0.003697   0.07919       664       640    0.8874    0.5087    0.6277    0.2969   0.08014    0.1289   0.02306
   250/299     10.5G   0.03303   0.04247  0.003608    0.0791       658       640     0.893    0.5106    0.6282    0.3451   0.07969    0.1286   0.02306
   251/299     10.5G   0.03266    0.0417  0.003472   0.07783       664       640     0.893    0.5106    0.6282    0.3451   0.07969    0.1285   0.02306
   252/299     10.5G   0.03407   0.04404  0.003632   0.08174       660       640    0.8934    0.5103    0.6271    0.2697   0.08088    0.1297     0.023
   253/299     10.5G   0.03446   0.04373  0.003354   0.08154       661       640    0.8862    0.5024    0.6232    0.3505   0.07937    0.1305   0.02298
   254/299     10.5G   0.03219   0.04256  0.003501   0.07826       663       640    0.8862    0.5024    0.6232    0.3505   0.07937    0.1305   0.02298
   255/299     10.5G    0.0332   0.04349  0.003315   0.08001       662       640    0.8966    0.5023    0.6225    0.2674   0.08091    0.1334   0.02298
   256/299     10.5G   0.03247   0.04241  0.003155   0.07803       663       640     0.895       0.5    0.6179    0.3478   0.07932    0.1333   0.02297
   257/299     10.5G   0.03276   0.04237  0.003207   0.07833       663       640     0.895       0.5    0.6179    0.3478   0.07932    0.1334   0.02297
   258/299     10.5G   0.03319   0.04274  0.003031   0.07897       662       640    0.9031    0.4983    0.6224    0.2624   0.08096    0.1342   0.02293
   259/299     10.5G   0.03226   0.04277  0.003321   0.07835       665       640    0.8929    0.5007    0.6158    0.3437   0.07945    0.1338   0.02293
   260/299     10.5G   0.03214   0.04249  0.003283   0.07791       660       640    0.8929    0.5007    0.6158    0.3437   0.07945    0.1339   0.02293
   261/299     10.5G   0.03281   0.04253  0.003122   0.07846       660       640       0.9    0.5008    0.6206    0.2651   0.08034    0.1345   0.02293
   262/299     10.5G   0.03123   0.04203  0.003284   0.07654       663       640    0.8784    0.5009    0.6131    0.3339   0.07964    0.1328   0.02292
   263/299     10.5G   0.03226   0.04144  0.003316   0.07702       659       640    0.8784    0.5009    0.6131    0.3339   0.07964    0.1329   0.02292
   264/299     10.5G   0.03141   0.04198  0.003252   0.07664       659       640    0.9162    0.5008    0.6236    0.2664   0.08033    0.1335   0.02291
   265/299     10.5G   0.03091   0.04131  0.003155   0.07537       658       640    0.8904    0.5011    0.6163    0.3399   0.07923     0.132   0.02289
   266/299     10.5G   0.03206   0.04181   0.00301   0.07688       660       640    0.8904    0.5011    0.6163    0.3399   0.07923    0.1321   0.02289
   267/299     10.5G   0.03179   0.04176  0.003489   0.07704       663       640    0.9157    0.5013    0.6253     0.285   0.07996     0.133   0.02289
   268/299     10.5G   0.02962     0.041  0.003178    0.0738       658       640     0.892    0.5022    0.6186    0.3458   0.07905    0.1314   0.02288
   269/299     10.5G    0.0302   0.04087  0.003222   0.07429       660       640     0.892    0.5022    0.6186    0.3458   0.07905    0.1314   0.02288
   270/299     10.5G   0.02906   0.04158  0.003239   0.07388       660       640    0.9099    0.5039    0.6266    0.2872   0.07977     0.132   0.02294
   271/299     10.5G   0.02929   0.04096  0.002856    0.0731       658       640    0.8988    0.5002    0.6186    0.3504   0.07918    0.1308   0.02296
   272/299     10.5G   0.03087    0.0412  0.003402   0.07548       661       640    0.8988    0.5002    0.6186    0.3504   0.07918    0.1307   0.02296
   273/299     10.5G   0.03019   0.04131  0.003039   0.07454       663       640    0.9046    0.5024    0.6252    0.2966   0.07979    0.1318   0.02298
   274/299     10.5G   0.02907   0.04037  0.003155    0.0726       660       640    0.8897    0.5023    0.6188    0.3491   0.07878    0.1311   0.02298
   275/299     10.5G   0.03012   0.04016  0.003156   0.07344       655       640    0.8897    0.5023    0.6188    0.3491   0.07878     0.131   0.02298
   276/299     10.5G   0.02852   0.04099  0.003039   0.07255       664       640    0.9191    0.4987    0.6258    0.2966   0.07948     0.132   0.02303
   277/299     10.5G   0.02896   0.04091  0.002934    0.0728       663       640    0.8893    0.5024    0.6197    0.3532   0.07841    0.1308   0.02304
   278/299     10.5G   0.02964   0.03989  0.003053   0.07258       657       640    0.8893    0.5024    0.6197    0.3532   0.07841    0.1308   0.02304
   279/299     10.5G   0.02833   0.04047  0.002895    0.0717       654       640    0.9216    0.4983    0.6261    0.3095   0.07933    0.1315   0.02305
   280/299     10.5G   0.02737   0.03957  0.002801   0.06974       661       640    0.9095    0.4983    0.6198    0.3563   0.07833    0.1312   0.02305
   281/299     10.5G   0.02787   0.04072   0.00286   0.07146       663       640    0.9095    0.4983    0.6198    0.3563   0.07833    0.1311   0.02305
   282/299     10.5G   0.02874   0.04008  0.002994   0.07181       661       640    0.9139    0.4983     0.623    0.3049   0.07938    0.1321   0.02308
   283/299     10.5G    0.0276   0.03999  0.003141   0.07073       656       640    0.9097    0.4958     0.617    0.3487    0.0785    0.1313   0.02307
   284/299     10.5G   0.02788   0.03966  0.003099   0.07064       655       640    0.9097    0.4958     0.617    0.3487    0.0785    0.1313   0.02307
   285/299     10.5G   0.02787   0.04011  0.002969   0.07095       662       640    0.9195     0.496    0.6203    0.3027   0.07947    0.1321   0.02307
   286/299     10.5G   0.02729   0.03938  0.002805   0.06947       657       640    0.9023     0.496    0.6152    0.3492   0.07833    0.1316   0.02305
   287/299     10.5G   0.03059      0.04   0.00296   0.07355       658       640    0.9023     0.496    0.6152    0.3492   0.07833    0.1317   0.02305
   288/299     10.5G   0.02901   0.04009   0.00285   0.07195       659       640    0.9063    0.4977     0.619    0.3033   0.07943    0.1324   0.02303
   289/299     10.5G   0.02684   0.03949   0.00272   0.06906       662       640     0.886    0.4977    0.6156    0.3453   0.07833    0.1322   0.02303
   290/299     10.5G   0.02909   0.04052  0.002893    0.0725       661       640     0.886    0.4977    0.6156    0.3453   0.07833    0.1322   0.02303
   291/299     10.5G   0.02854   0.04026  0.002727   0.07153       664       640    0.8978    0.4986    0.6162     0.297   0.07926    0.1335   0.02304
   292/299     10.5G   0.02781   0.03995  0.003134   0.07089       662       640     0.871    0.5026    0.6145    0.3449   0.07855    0.1332   0.02304
   293/299     10.5G      0.03   0.03935  0.002789   0.07214       659       640     0.871    0.5026    0.6145    0.3449   0.07855    0.1332   0.02304
   294/299     10.5G   0.02848    0.0394   0.00277   0.07065       660       640    0.8854    0.5031    0.6181    0.3042   0.07924    0.1336   0.02305
   295/299     10.5G   0.02704   0.03845  0.002812    0.0683       660       640    0.8815    0.4985    0.6138    0.3409   0.07835    0.1331   0.02307
   296/299     10.5G   0.02893   0.03932  0.002627   0.07087       665       640    0.8815    0.4985    0.6138    0.3409   0.07835    0.1331   0.02307
   297/299     10.5G   0.02795   0.03935  0.002764   0.07006       659       640    0.8865    0.5042    0.6185      0.31   0.07899    0.1337   0.02309
   298/299     10.5G    0.0279   0.03886    0.0028   0.06956       658       640    0.8547    0.5105    0.6171    0.3435   0.07812    0.1334   0.02306
   299/299     10.5G   0.02917   0.03962  0.002915    0.0717       662       640    0.8547    0.5105    0.6171    0.3435   0.07812    0.1332   0.02306
