     0/299     9.81G   0.08969   0.05679   0.02239    0.1689       144       640  0.008237  0.006944 0.0002176 4.435e-05    0.1188    0.1514    0.0262
     1/299     10.6G   0.08825   0.05818    0.0223    0.1687       144       640  0.008576   0.01389  0.000467 4.945e-05    0.1177     0.155   0.02607
     2/299     10.6G   0.08786   0.05964    0.0227    0.1702       144       640  0.003187  0.006944 0.0001141  1.35e-05    0.1164    0.1593   0.02596
     3/299     10.6G     0.087   0.06135   0.02181    0.1702       144       640 0.0005959  0.004016  1.13e-05 2.261e-06    0.1152    0.1638   0.02585
     4/299     10.6G    0.0856   0.06296   0.02193    0.1705       144       640    0.0012  0.004016 2.224e-05 2.224e-06     0.114    0.1674   0.02573
     5/299     10.6G    0.0836   0.06642   0.02164    0.1717       144       640  0.001024  0.004016 1.864e-05 5.593e-06    0.1129    0.1699   0.02564
     6/299     10.6G   0.08261   0.06846   0.02155    0.1726       144       640  0.002145   0.01837 8.265e-05 1.053e-05    0.1118    0.1709   0.02548
     7/299     10.6G   0.08145   0.06806   0.02135    0.1709       144       640  0.002121   0.01837 8.901e-05 1.365e-05     0.111    0.1695   0.02527
     8/299     10.6G   0.07945   0.06901   0.02121    0.1697       144       640  0.007524   0.01435 0.0003579   4.8e-05    0.1103    0.1677   0.02507
     9/299     10.6G   0.07818   0.06965   0.02101    0.1688       144       640  0.007045   0.02933 0.0005711 0.0001272    0.1097    0.1653   0.02497
    10/299     10.6G   0.07588   0.06908   0.02057    0.1655       144       640   0.01849   0.07811  0.002786 0.0005526    0.1097    0.1606   0.02483
    11/299     10.6G   0.07671   0.06718   0.02075    0.1646       144       640   0.05415     0.122    0.0217  0.004311    0.1092    0.1545   0.02482
    12/299     10.6G   0.07406   0.06591   0.02042    0.1604       144       640    0.1987    0.1274   0.08902   0.01917    0.1085    0.1472   0.02473
    13/299     10.6G   0.07307   0.06309   0.02012    0.1563       144       640    0.2273    0.2674    0.1636   0.03821    0.1079    0.1383   0.02475
    14/299     10.6G   0.07178   0.06149   0.01986    0.1531       144       640    0.2522    0.2881    0.2116   0.05156    0.1073    0.1302   0.02474
    15/299     10.6G   0.07065   0.05779   0.01951     0.148       144       640    0.3309    0.2495    0.2792   0.07119    0.1072    0.1218   0.02474
    16/299     10.6G   0.06796   0.05469   0.01906    0.1417       144       640    0.3671    0.2385    0.3091   0.08226    0.1076    0.1146   0.02473
    17/299     10.6G   0.06558   0.05256   0.01855    0.1367       144       640    0.2374    0.5144     0.338    0.1068    0.1064    0.1097   0.02471
    18/299     10.6G   0.06334   0.05034   0.01822    0.1319       144       640     0.566    0.3209    0.3623     0.119    0.1057    0.1052   0.02459
    19/299     10.6G   0.06132   0.04904   0.01776    0.1281       144       640    0.2195    0.4668    0.3038    0.1037    0.1059    0.1016   0.02452
    20/299     10.6G   0.05996   0.04808   0.01759    0.1256       144       640    0.2477    0.4688    0.3285     0.109    0.1037    0.1011   0.02443
    21/299     10.6G    0.0598   0.04769   0.01725    0.1247       144       640    0.2595    0.4758    0.3127    0.1228    0.1064   0.09989   0.02429
    22/299     10.6G   0.05976   0.04675   0.01716    0.1237       144       640    0.2901     0.585     0.427    0.1664    0.1013   0.09762   0.02408
    23/299     10.6G     0.059   0.04588   0.01665    0.1215       144       640    0.3096    0.6323    0.4596     0.201    0.1045   0.09346   0.02393
    24/299     10.6G   0.05949   0.04716   0.01675    0.1234       144       640    0.3898    0.5586    0.4692    0.2138    0.1073   0.09297   0.02397
    25/299     10.6G   0.05941   0.04655   0.01649    0.1224       144       640    0.5808    0.5056    0.5764    0.2681    0.1028    0.0887   0.02395
    26/299     10.6G   0.05656   0.04688   0.01667    0.1201       144       640     0.645    0.5774    0.6038    0.2618   0.09751   0.08883   0.02372
    27/299     10.6G   0.05532   0.04602   0.01605    0.1174       144       640    0.5877    0.5893    0.5969    0.2283   0.09948   0.08649   0.02343
    28/299     10.6G   0.05227   0.04678   0.01628    0.1153       144       640    0.6261    0.6096    0.6002    0.2571   0.09959   0.08343   0.02324
    29/299     10.6G   0.05181   0.04586   0.01638    0.1141       144       640    0.6417    0.6313    0.6548    0.2998   0.09786   0.08304   0.02306
    30/299     10.6G   0.04273   0.04569    0.0153    0.1037       144       640    0.6961    0.6043    0.6723    0.3318    0.1029   0.07946   0.02296
    31/299     10.6G   0.05168   0.04473   0.01611    0.1125       144       640    0.4959    0.7202    0.6339    0.2938    0.1078    0.0776   0.02214
    32/299     10.6G   0.04798   0.04472   0.01453    0.1072       144       640    0.5435    0.6674    0.6067    0.2651    0.1102   0.07963   0.02138
    33/299     10.6G   0.03624   0.04609   0.01356   0.09589       144       640    0.5364     0.615    0.5703    0.2668    0.1129     0.078    0.0213
    34/299     10.6G   0.03765   0.04729   0.01207   0.09701       144       640    0.4926    0.6901    0.5602     0.224    0.1123   0.07723   0.02119
    35/299     10.6G   0.03074   0.04609   0.01157   0.08841       144       640    0.4294    0.7214    0.5799    0.2162    0.1174   0.07591   0.02133
    36/299     10.6G   0.03248   0.04527   0.01144   0.08919       144       640    0.5701    0.7655    0.6466    0.2691    0.1221   0.07176   0.02135
    37/299     10.6G   0.03374   0.04331   0.01114    0.0882       144       640    0.5575    0.8092    0.6485    0.2247    0.1159   0.08469   0.02119
    38/299     10.6G   0.03249   0.04622   0.01076   0.08947       144       640    0.5255    0.7054    0.5749    0.1906    0.1124   0.09287   0.02097
    39/299     10.6G   0.02975   0.04773   0.01056   0.08804       144       640    0.6298    0.6567    0.6228     0.309    0.1095   0.08351   0.02088
    40/299     10.6G   0.03223   0.04538   0.01039     0.088       144       640    0.5367    0.7623    0.6453    0.3047    0.1193    0.0777   0.02085
    41/299     10.6G   0.03874   0.04487   0.01177   0.09538       144       640    0.5093    0.7338     0.605      0.32    0.1148   0.07629   0.02149
    42/299     10.6G   0.03169   0.04324   0.01062   0.08555       144       640    0.7617    0.7002    0.7715    0.3682    0.1063   0.08663   0.02214
    43/299     10.6G   0.03164   0.04539   0.01021   0.08724       144       640    0.5212     0.636    0.5521    0.1572    0.1081   0.09383   0.02263
    44/299     10.6G   0.03017   0.04553   0.01008   0.08578       144       640    0.7895    0.6874     0.835    0.4562    0.1003     0.098   0.02258
    45/299     10.6G   0.02994    0.0462  0.009648   0.08579       144       640     0.742     0.756    0.8375    0.4643    0.1052   0.08837   0.02242
    46/299     10.6G   0.03251   0.04557  0.009604   0.08769       144       640    0.7098    0.8353    0.8509    0.4519    0.1083   0.07902   0.02171
    47/299     10.6G   0.03179   0.04308  0.009693   0.08456       144       640    0.5491    0.7885    0.5893    0.2676    0.1126   0.08312   0.02133
    48/299     10.6G   0.03654   0.04175  0.009337   0.08763       144       640    0.8171    0.8077    0.8797    0.3522    0.1089    0.1044   0.02073
    49/299     10.6G    0.0308   0.04411  0.009262   0.08417       144       640    0.8141    0.8395    0.8964    0.5512    0.1089   0.08428   0.02042
    50/299     10.6G   0.03418   0.04175  0.009081   0.08501       144       640    0.7019    0.8123    0.8236    0.3524    0.1133   0.07848   0.01989
    51/299     10.6G   0.03148   0.04124  0.009146   0.08187       144       640    0.8018    0.8733    0.8753    0.4945    0.1095    0.0758   0.01955
    52/299     10.6G   0.02648    0.0436  0.009018   0.07909       144       640    0.6963    0.8698    0.7272    0.4316    0.1095   0.07784   0.01938
    53/299     10.6G   0.02735   0.04413  0.008605   0.08009       144       640    0.8147    0.7997     0.926    0.6033    0.1088   0.07857   0.01902
    54/299     10.6G   0.04915   0.04324    0.0108    0.1032       144       640    0.8093    0.8779    0.9604    0.6167    0.1043   0.07806   0.01886
    55/299     10.6G   0.02512   0.04438   0.00814   0.07765       144       640    0.6443    0.8191    0.8421    0.4798    0.1061   0.07332    0.0188
    56/299     10.6G   0.02984   0.04426   0.00793   0.08203       144       640    0.7231    0.8928    0.9066    0.3463    0.1148   0.07765   0.01846
    57/299     10.6G   0.03914   0.04053  0.008798   0.08847       144       640    0.5438    0.6601    0.5086    0.1373    0.1256    0.0691   0.01836
    58/299     10.6G   0.04244   0.03374   0.00796   0.08414       144       640     0.777    0.6755    0.7059    0.2223    0.1227   0.07927   0.01805
    59/299     10.6G   0.05759   0.03056   0.01044   0.09859       144       640    0.9563    0.8091    0.8802    0.3516    0.1219   0.08127   0.01785
    60/299     10.6G   0.04064   0.03179   0.01079   0.08322       144       640    0.9616    0.9135    0.9638    0.5888    0.1205   0.07865   0.01776
    61/299     10.6G   0.03777   0.03023  0.008545   0.07654       144       640    0.9743    0.9383    0.9712    0.4628    0.1281   0.06735   0.01767
    62/299     10.6G   0.05141   0.02658   0.01311   0.09109       144       640    0.9905    0.9108    0.9644    0.3474    0.1329   0.07152   0.01761
    63/299     10.6G   0.04486   0.02517  0.009155   0.07918       144       640    0.9321     0.874    0.9242    0.3984    0.1307   0.07829   0.01753
    64/299     10.6G   0.03963   0.03079  0.008632   0.07905       144       640    0.9773    0.9128     0.963    0.5845    0.1271   0.08109   0.01755
    65/299     10.6G    0.0387   0.03071  0.008025   0.07744       144       640    0.9226    0.8546    0.8849     0.268    0.1271   0.08676   0.01755
    66/299     10.6G   0.03908   0.03285  0.007278   0.07921       144       640    0.9738    0.9221    0.9662    0.5783     0.121   0.09304   0.01737
    67/299     10.6G   0.03382   0.03714  0.007249   0.07821       144       640    0.9991    0.9314    0.9724    0.5441    0.1205   0.08922   0.01729
    68/299     10.6G    0.0303   0.03948  0.007307   0.07708       144       640    0.9497    0.8836    0.9484    0.5481    0.1171    0.0856   0.01711
    69/299     10.6G   0.05338   0.03918  0.007498    0.1001       144       640    0.7467    0.7666    0.7881    0.2822    0.1244   0.07301   0.01772
    70/299     10.6G   0.03661   0.03698   0.00714   0.08073       144       640    0.7732    0.7992    0.8481    0.4695    0.1184   0.07352   0.01789
    71/299     10.6G   0.03144   0.03613   0.00711   0.07467       144       640    0.6087    0.8033    0.7685    0.3214    0.1207   0.07785   0.01758
    72/299     10.6G   0.02845   0.03582  0.006486   0.07076       144       640    0.8558    0.9014    0.9334    0.5954    0.1134   0.07596   0.01719
    73/299     10.6G   0.02481   0.03797  0.006189   0.06898       144       640    0.6787    0.9103    0.8614    0.5156    0.1144   0.07556   0.01696
    74/299     10.6G   0.02839   0.03722  0.006161   0.07176       144       640    0.7802    0.7485      0.84    0.4307    0.1208   0.07288   0.01664
    75/299     10.6G   0.03731   0.03493  0.005991   0.07824       144       640    0.7658    0.7139    0.7995    0.3262    0.1184   0.08363   0.01632
    76/299     10.6G   0.03759    0.0342  0.005467   0.07726       144       640    0.9605    0.8825    0.9653    0.6606    0.1163   0.08548   0.01602
    77/299     10.6G   0.03391   0.03531  0.005681    0.0749       144       640    0.9773    0.9522    0.9799    0.5132     0.117   0.08348   0.01589
    78/299     10.6G   0.05248   0.03527  0.006291   0.09404       144       640    0.8959    0.9154    0.9428    0.6106    0.1164   0.08532    0.0157
    79/299     10.6G   0.03383   0.03609  0.005897   0.07582       144       640    0.8035    0.8509    0.9116    0.4745    0.1178    0.0905   0.01563
    80/299     10.6G   0.03368   0.03834  0.005422   0.07744       144       640    0.9463    0.8895    0.9626    0.5641    0.1115   0.09968   0.01543
    81/299     10.6G   0.03096     0.038  0.005087   0.07405       144       640    0.9329    0.9182    0.9661    0.3881    0.1096    0.1027    0.0153
    82/299     10.6G   0.03037    0.0385  0.005009   0.07388       144       640    0.9028    0.8851    0.9381    0.3265    0.1086    0.1046   0.01515
    83/299     10.6G   0.03099   0.04098  0.005042   0.07701       144       640    0.9218    0.9377     0.968    0.6647    0.1097   0.09788   0.01509
    84/299     10.6G   0.03214   0.03796  0.005064   0.07517       144       640    0.9015    0.9112    0.9624    0.6027    0.1065   0.09695    0.0149
    85/299     10.6G    0.0313   0.04163  0.004507   0.07743       144       640    0.7119    0.6701    0.7385    0.2773    0.1144    0.1021   0.01481
    86/299     10.6G   0.03455   0.04692  0.004546   0.08602       144       640    0.8183    0.8868    0.9355    0.6273    0.1107   0.09703   0.01473
    87/299     10.6G   0.02709   0.04275  0.004653    0.0745       144       640     0.902    0.9062    0.9644    0.6074    0.1114   0.08896   0.01474
    88/299     10.6G   0.03062    0.0376   0.00447   0.07269       144       640    0.7774    0.9668    0.9032    0.3571     0.109   0.09254   0.01472
    89/299     10.6G   0.03238   0.03764  0.004635   0.07466       144       640    0.3228    0.7664    0.3186    0.1525    0.1181   0.09618   0.01472
    90/299     10.6G   0.03219   0.04348  0.005112   0.08078       144       640     0.765    0.7637     0.838    0.5314     0.116   0.09222   0.01481
    91/299     10.6G   0.03351   0.03722  0.004943   0.07567       144       640    0.8284     0.712    0.7411     0.239    0.1213   0.08641   0.01487
    92/299     10.6G   0.03206   0.03428  0.004408   0.07075       144       640    0.9633    0.9414    0.9778    0.5186    0.1183   0.08819   0.01483
    93/299     10.6G   0.03274   0.03086  0.004344   0.06794       144       640    0.9886    0.9383    0.9814    0.6344    0.1179   0.08795   0.01478
    94/299     10.6G   0.02843   0.03224  0.004257   0.06493       144       640    0.9888    0.9593    0.9906     0.558    0.1184   0.08638   0.01467
    95/299     10.6G   0.03414   0.02901   0.00396   0.06711       144       640    0.9824    0.9551    0.9748    0.4111    0.1215    0.0853   0.01467
    96/299     10.6G   0.03925   0.02759  0.003892   0.07074       144       640    0.9589    0.9414    0.9793    0.6512    0.1175    0.0898   0.01463
    97/299     10.6G   0.03327   0.03007  0.003638   0.06697       144       640    0.7811    0.7768     0.819    0.2299    0.1189   0.09039   0.01457
    98/299     10.6G   0.03148   0.03021  0.003454   0.06515       144       640    0.8079    0.9203     0.936    0.5801    0.1163   0.09054   0.01449
    99/299     10.6G   0.03249   0.02912   0.00375   0.06536       144       640     0.847    0.9211    0.9523    0.6569    0.1172   0.08733   0.01444
   100/299     10.6G   0.03067   0.02707  0.003576   0.06132       144       640    0.9489    0.9653    0.9847    0.6186    0.1154   0.08646   0.01434
   101/299     10.6G   0.05072   0.02969  0.004483   0.08489       144       640    0.9827    0.8805    0.9619    0.3079    0.1204   0.08893   0.01444
   102/299     10.6G   0.03684   0.03018  0.003328   0.07035       144       640     0.824    0.8979    0.9271    0.3919    0.1172   0.09578   0.01457
   103/299     10.6G   0.02951   0.03095  0.003437    0.0639       144       640    0.9849    0.9588    0.9864    0.5886    0.1135   0.09201   0.01452
   104/299     10.6G   0.02098    0.0309  0.003259   0.05514       144       640    0.9382    0.9646     0.988    0.6421    0.1157   0.08523   0.01449
   105/299     10.6G   0.03197   0.02971  0.003575   0.06525       144       640    0.8597    0.8652    0.9129    0.3913    0.1216   0.09005   0.01451
   106/299     10.6G   0.03181   0.03274  0.004087   0.06864       144       640    0.9437    0.9445    0.9719    0.6213    0.1199   0.08733   0.01444
   107/299     10.6G   0.03292   0.02947  0.003303    0.0657       144       640    0.9507     0.939    0.9704     0.527    0.1189   0.08885   0.01454
   108/299     10.6G   0.02892   0.03194  0.003473   0.06433       144       640    0.9638    0.9559    0.9833    0.7398    0.1158   0.08718   0.01465
   109/299     10.6G   0.02485   0.03375  0.003314   0.06192       144       640    0.9905    0.9666    0.9922    0.7322    0.1141   0.08461   0.01474
   110/299     10.6G   0.02238   0.03348  0.003048   0.05891       144       640    0.9905    0.9808    0.9945    0.5627    0.1138   0.08304    0.0149
   111/299     10.6G   0.02933   0.03252  0.002898   0.06475       144       640    0.8916    0.9025    0.9356    0.5399    0.1156   0.08547   0.01492
   112/299     10.6G   0.02969   0.03343   0.00292   0.06604       144       640    0.9239    0.9277    0.9623    0.6879    0.1149    0.0794   0.01484
   113/299     10.6G   0.03076    0.0328  0.003139    0.0667       144       640    0.9005     0.919    0.9634    0.6473    0.1143    0.0834   0.01489
   114/299     10.6G   0.02813   0.03633  0.003238    0.0677       144       640    0.9716    0.9049     0.974     0.588    0.1117   0.08955   0.01492
   115/299     10.6G   0.02785    0.0369  0.003312   0.06806       144       640    0.9591     0.916    0.9449    0.3825    0.1117   0.09192   0.01497
   116/299     10.6G   0.02372    0.0388  0.003455   0.06597       144       640    0.9795    0.9389     0.988     0.628    0.1083   0.08524   0.01483
   117/299     10.6G   0.04588   0.03923   0.00402   0.08913       144       640    0.7921    0.8984    0.9527     0.553    0.1135    0.0835   0.01484
   118/299     10.6G   0.03584   0.04498  0.004012   0.08484       144       640    0.9956    0.9406    0.9861    0.7305    0.1128     0.071   0.01506
   119/299     10.6G   0.03107    0.0389  0.003344   0.07332       144       640    0.8445    0.9071    0.8732    0.5906    0.1143   0.08079   0.01518
   120/299     10.6G   0.02826   0.03703  0.003416   0.06871       144       640     0.861    0.9885    0.9179    0.5535    0.1096   0.07991   0.01525
   121/299     10.6G   0.02572   0.03849  0.003372   0.06759       144       640    0.5869     0.735    0.6029    0.2997    0.1162    0.0901   0.01523
   122/299     10.6G   0.04681   0.04212  0.003319   0.09225       144       640    0.9069     0.876    0.9652    0.6428    0.1096   0.08898   0.01503
   123/299     10.6G   0.02815   0.03675  0.003271   0.06816       144       640    0.9922    0.9451    0.9918    0.7018    0.1099   0.08283     0.015
   124/299     10.6G   0.04292   0.03598  0.003034   0.08194       144       640    0.9051    0.9499     0.968    0.7176     0.107   0.08554   0.01485
   125/299     10.6G   0.02467   0.03664  0.002795   0.06411       144       640    0.8803    0.9142    0.9617    0.6805    0.1118   0.08185   0.01477
   126/299     10.6G   0.04549    0.0365  0.002463   0.08446       144       640    0.9611    0.9372    0.9801    0.6306    0.1074   0.08464   0.01448
   127/299     10.6G   0.02529   0.03502  0.002405   0.06271       144       640    0.8887    0.9274    0.9742    0.6356    0.1098   0.08012   0.01437
   128/299     10.6G    0.0219   0.03287  0.002295   0.05707       144       640    0.9466    0.9811    0.9876    0.7442    0.1068   0.07623   0.01413
   129/299     10.6G   0.02452   0.03623  0.002189   0.06294       144       640    0.8928    0.8937    0.9624     0.493     0.111   0.07907   0.01406
   130/299     10.6G   0.04536   0.03881   0.00208   0.08625       144       640     0.952    0.9753    0.9835    0.6941    0.1063   0.07365   0.01405
   131/299     10.6G   0.02497   0.03514  0.002122   0.06223       144       640    0.9292    0.8926    0.9716    0.6244    0.1118   0.07729   0.01402
   132/299     10.6G   0.04401   0.03462  0.001972   0.08061       144       640    0.8779    0.9735    0.9685      0.73    0.1073   0.07806   0.01401
   133/299     10.6G   0.02166   0.03283  0.002042   0.05653       144       640    0.9976    0.9813    0.9951    0.7626    0.1043   0.07737   0.01399
   134/299     10.6G   0.02028    0.0334  0.001969   0.05565       144       640    0.9764    0.9304    0.9882    0.6974    0.1081   0.07821   0.01397
   135/299     10.6G   0.02906   0.03521  0.002003   0.06627       144       640     0.977    0.9573    0.9833    0.6247    0.1107   0.07699   0.01408
   136/299     10.6G   0.02514   0.03308  0.002019   0.06024       144       640    0.9915    0.9806    0.9893    0.7623    0.1051   0.08006   0.01426
   137/299     10.6G   0.04079   0.03286  0.002007   0.07565       144       640    0.8981    0.9312     0.964    0.7381    0.1103   0.08218   0.01426
   138/299     10.6G   0.02932   0.03232  0.002251   0.06389       144       640    0.9886    0.9811    0.9908    0.7471    0.1054   0.08592   0.01452
   139/299     10.6G   0.02181   0.03303  0.002241   0.05709       144       640     0.977    0.8823    0.9855    0.6624    0.1059   0.08882   0.01472
   140/299     10.6G   0.02159   0.03204  0.002279   0.05591       144       640    0.9988    0.9814    0.9954    0.7704    0.1034   0.08762     0.015
   141/299     10.6G   0.02331   0.03118  0.002518   0.05701       144       640    0.9132    0.7661    0.9429    0.7214    0.1085   0.08963     0.015
   142/299     10.6G   0.02688   0.03182  0.002314   0.06101       144       640     0.996    0.9806    0.9936    0.7196    0.1041   0.09102   0.01519
   143/299     10.6G   0.02195   0.03092  0.002635   0.05551       144       640    0.9767    0.9756    0.9909    0.7031    0.1045   0.08815   0.01517
   144/299     10.6G   0.03952   0.03074  0.002386   0.07265       144       640         1    0.9784    0.9952    0.7701    0.1028    0.0881   0.01516
   145/299     10.6G   0.01981   0.03424  0.002496   0.05654       144       640    0.8741    0.8726      0.94    0.7125     0.107    0.0921   0.01509
   146/299     10.6G   0.02305   0.03886  0.002396    0.0643       144       640    0.9407    0.9664    0.9831     0.683    0.1073   0.09407   0.01491
   147/299     10.6G   0.02717   0.03005  0.002317   0.05954       144       640    0.8089    0.9085    0.9378    0.4895    0.1109    0.0947   0.01479
   148/299     10.6G   0.02882   0.02813  0.002178   0.05913       144       640    0.9916    0.9849    0.9942    0.7376    0.1064   0.09602   0.01462
   149/299     10.6G   0.02262   0.02906  0.002219    0.0539       144       640     0.867    0.9381    0.9825    0.7323    0.1104   0.09601   0.01455
   150/299     10.6G   0.03928   0.03017  0.002052    0.0715       144       640    0.9852         1    0.9953    0.7539     0.106   0.09764   0.01443
   151/299     10.6G   0.02716   0.03987  0.002026   0.06906       144       640    0.9678    0.8427      0.96    0.5734     0.112    0.1047   0.01447
   152/299     10.6G   0.03245   0.04323   0.00188   0.07756       144       640    0.9944    0.9906    0.9953    0.7487    0.1026   0.09834   0.01452
   153/299     10.6G   0.01903   0.03566   0.00187   0.05656       144       640    0.9893    0.9812    0.9954    0.7106    0.1046    0.0949   0.01453
   154/299     10.6G    0.0196   0.03346  0.001874   0.05493       144       640     0.931    0.9713    0.9948    0.7646    0.1031   0.08837   0.01453
   155/299     10.6G   0.02128    0.0346  0.002591   0.05847       144       640    0.9757    0.9515    0.9771    0.7368      0.11   0.08471   0.01443
   156/299     10.6G   0.03039   0.03766   0.00331   0.07136       144       640    0.9635    0.9515    0.9804    0.7148    0.1103   0.08349   0.01439
   157/299     10.6G    0.0287   0.03727  0.001904   0.06787       144       640     0.671    0.9701    0.9346    0.6676    0.1093   0.08991   0.01439
   158/299     10.6G   0.02405   0.03809  0.002045   0.06418       144       640    0.9194    0.8926    0.9809    0.7397    0.1068   0.09268   0.01446
   159/299     10.6G   0.04028   0.03148  0.002192   0.07396       144       640    0.9761    0.9676    0.9886    0.7532    0.1064   0.09103    0.0146
   160/299     10.6G   0.03856   0.03205  0.002275   0.07289       144       640    0.9849    0.9854    0.9947    0.7547    0.1048    0.0943   0.01477
   161/299     10.6G   0.02122   0.03365  0.002258   0.05713       144       640    0.9618    0.9805     0.991      0.67    0.1056   0.09432   0.01481
   162/299     10.6G   0.03892    0.0356  0.002356   0.07687       144       640    0.9971    0.9886    0.9951    0.7829    0.1016   0.09211   0.01488
   163/299     10.6G   0.01843   0.03325  0.002268   0.05395       144       640     0.996    0.9959    0.9953    0.7222    0.1035   0.08732   0.01482
   164/299     10.6G   0.03596   0.03336  0.002189   0.07151       144       640    0.9955     0.986    0.9955    0.7764    0.1037    0.0831   0.01469
   165/299     10.6G   0.02182   0.03439    0.0021   0.05831       144       640         1    0.9133    0.9857    0.7511    0.1071   0.08279   0.01463
   166/299     10.6G   0.03867   0.03355  0.005914   0.07814       144       640    0.9972    0.9801    0.9947    0.7294    0.1033   0.08436   0.01471
   167/299     10.6G   0.05273   0.03276  0.003619    0.0891       144       640    0.9833    0.9886    0.9937    0.7262    0.1015   0.08595   0.01478
   168/299     10.6G   0.01491   0.03266  0.001873   0.04944       144       640    0.9919     0.984    0.9938    0.7672     0.102    0.0824   0.01477
   169/299     10.6G   0.01465   0.03114  0.001821   0.04761       144       640    0.9917    0.9852    0.9943    0.7719     0.103    0.0796   0.01479
   170/299     10.6G   0.01524   0.03097   0.00174   0.04795       144       640    0.9991    0.9852    0.9951    0.7866    0.1027   0.07659   0.01478
   171/299     10.6G   0.01363   0.03005  0.001713   0.04539       144       640    0.9967    0.9886    0.9955    0.7619    0.1023   0.07525   0.01482
   172/299     10.6G   0.01451   0.03067   0.00164   0.04682       144       640    0.9932    0.9963    0.9956    0.7801    0.1019   0.07367   0.01482
   173/299     10.6G   0.03318   0.03142  0.001594   0.06619       144       640    0.9946    0.9976    0.9956    0.7515     0.103   0.07446   0.01487
   174/299     10.6G   0.01716   0.03315  0.001505   0.05182       144       640    0.9836    0.9903    0.9946    0.7836    0.1019   0.07269   0.01484
   175/299     10.6G   0.01523   0.03047  0.001453   0.04716       144       640    0.9975    0.9905    0.9954    0.7512    0.1023   0.07341   0.01491
   176/299     10.6G   0.01516   0.03032  0.001455   0.04693       144       640    0.9989    0.9824    0.9949    0.7863    0.1016   0.07344    0.0149
   177/299     10.6G   0.01668   0.03112  0.001426   0.04922       144       640    0.9919    0.9905    0.9954    0.7397    0.1027   0.07654   0.01496
   178/299     10.6G   0.03415   0.02975    0.0014   0.06531       144       640    0.9984     0.982     0.995    0.7877     0.101   0.07613   0.01495
   179/299     10.6G   0.03302   0.02968    0.0014   0.06411       144       640    0.9939    0.9962    0.9956      0.75    0.1019   0.07804     0.015
   180/299     10.6G   0.01592    0.0295  0.001359   0.04678       144       640    0.9983    0.9823     0.995    0.7861    0.1009   0.07805   0.01498
   181/299     10.6G   0.01554   0.02923  0.001348   0.04612       144       640    0.9944    0.9999    0.9956    0.7446    0.1015   0.07913   0.01501
   182/299     10.6G   0.01609   0.02945  0.001316   0.04686       144       640    0.9957    0.9991    0.9956    0.7912    0.1007   0.07822   0.01499
   183/299     10.6G   0.01583   0.02937  0.001292    0.0465       144       640    0.9959     0.999    0.9956    0.7456    0.1018   0.07955   0.01502
   184/299     10.6G   0.01604   0.02985  0.001256   0.04715       144       640    0.9968    0.9985    0.9956    0.7932    0.1006   0.07846   0.01498
   185/299     10.6G   0.01545   0.02946  0.001241   0.04615       144       640    0.9965    0.9986    0.9956    0.7516    0.1014   0.07995   0.01502
   186/299     10.6G   0.03269   0.02897  0.001237    0.0629       144       640    0.9973    0.9983    0.9956    0.7945    0.1003   0.07893     0.015
   187/299     10.6G   0.01537   0.02925  0.001225   0.04585       144       640    0.9969    0.9985    0.9956    0.7409    0.1013   0.08101   0.01503
   188/299     10.6G    0.0145   0.02888  0.001224   0.04461       144       640    0.9973    0.9984    0.9956    0.7953   0.09992   0.07966   0.01499
   189/299     10.6G   0.01568   0.02917  0.001166   0.04602       144       640    0.9967    0.9987    0.9956    0.7435    0.1017   0.08163   0.01501
   190/299     10.6G   0.01511   0.02894   0.00119   0.04524       144       640     0.997    0.9986    0.9956    0.7921   0.09997   0.08004   0.01495
   191/299     10.6G   0.01493   0.02906  0.001178   0.04517       144       640    0.9962    0.9991    0.9956    0.7468    0.1009    0.0815   0.01497
   192/299     10.6G   0.01398   0.02842  0.001176   0.04358       144       640    0.9963     0.999    0.9956    0.7934   0.09967   0.07975   0.01493
   193/299     10.6G   0.01508   0.02937  0.001144   0.04559       144       640    0.9957    0.9993    0.9956    0.7483    0.1015    0.0809   0.01494
   194/299     10.6G   0.01455   0.02833  0.001115   0.04399       144       640    0.9958    0.9993    0.9956    0.7889   0.09975   0.07912   0.01489
   195/299     10.6G   0.01484   0.02877  0.001102   0.04471       144       640    0.9952    0.9997    0.9956    0.7533     0.101   0.08071   0.01491
   196/299     10.6G    0.0132   0.02741  0.001104   0.04171       144       640    0.9954    0.9998    0.9956    0.7921   0.09953   0.07884   0.01487
   197/299     10.6G   0.01487   0.02877  0.001053   0.04469       144       640    0.9948         1    0.9956    0.7508    0.1013   0.08066    0.0149
   198/299     10.6G   0.01444   0.02797  0.001058   0.04347       144       640    0.9952         1    0.9956    0.7878   0.09964   0.07882   0.01484
   199/299     10.6G   0.01539   0.02906  0.001054    0.0455       144       640    0.9945         1    0.9956    0.7492    0.1011   0.08115   0.01486
   200/299     10.6G   0.01453   0.02846  0.001035   0.04402       144       640    0.9947         1    0.9956    0.7926   0.09952   0.07934   0.01483
   201/299     10.6G   0.01522   0.02886  0.001012   0.04508       144       640    0.9943         1    0.9956    0.7477    0.1011   0.08161   0.01486
   202/299     10.6G   0.01354   0.02764  0.001044   0.04222       144       640    0.9952         1    0.9956    0.7896   0.09929   0.07998   0.01481
   203/299     10.6G   0.01456   0.02852  0.001004   0.04408       144       640    0.9952    0.9998    0.9956    0.7488    0.1008   0.08157   0.01484
   204/299     10.6G   0.01403   0.02766  0.001011    0.0427       144       640    0.9957    0.9996    0.9956    0.7886   0.09935   0.07964    0.0148
   205/299     10.6G   0.01454   0.02807 0.0009876   0.04359       144       640    0.9955    0.9995    0.9956     0.751    0.1007   0.08102   0.01483
   206/299     10.6G   0.01339   0.02741 0.0009899    0.0418       144       640    0.9959    0.9994    0.9956    0.7904   0.09924   0.07957   0.01479
   207/299     10.6G    0.0144   0.02805 0.0009646   0.04342       144       640    0.9958    0.9994    0.9956    0.7451    0.1007   0.08116   0.01481
   208/299     10.6G   0.01344   0.02739  0.000972    0.0418       144       640    0.9961    0.9993    0.9956    0.7912    0.0992   0.07959   0.01479
   209/299     10.6G   0.01411    0.0277 0.0009551   0.04276       144       640    0.9957    0.9995    0.9956    0.7485    0.1004   0.08122   0.01481
   210/299     10.6G   0.01287   0.02659 0.0009804   0.04044       144       640    0.9958    0.9996    0.9956    0.7941   0.09903   0.08006   0.01477
   211/299     10.6G   0.01383   0.02759 0.0009421   0.04236       144       640    0.9955    0.9997    0.9956    0.7521    0.1004    0.0817   0.01481
   212/299     10.6G   0.01318   0.02684 0.0009379   0.04097       144       640     0.996    0.9996    0.9956    0.7911   0.09895   0.08012   0.01479
   213/299     10.6G   0.01413   0.02746 0.0009527   0.04255       144       640    0.9957    0.9998    0.9956    0.7518    0.1003   0.08174   0.01482
   214/299     10.6G   0.03044   0.02651 0.0009596   0.05791       144       640    0.9961    0.9997    0.9956    0.7888   0.09884      0.08    0.0148
   215/299     10.6G   0.01423   0.02766 0.0009093   0.04279       144       640    0.9961    0.9997    0.9956     0.748    0.1004   0.08183   0.01484
   216/299     10.6G    0.0129   0.02639 0.0009157   0.04021       144       640    0.9964    0.9996    0.9956    0.7894    0.0988   0.08018   0.01481
   217/299     10.6G   0.01344   0.02725 0.0008959   0.04159       144       640    0.9961    0.9997    0.9956    0.7486    0.1001   0.08179   0.01483
   218/299     10.6G   0.01242   0.02627 0.0009395   0.03963       144       640    0.9962    0.9998    0.9956    0.7876   0.09874   0.08021   0.01479
   219/299     10.6G    0.0135   0.02701 0.0009004   0.04141       144       640    0.9959         1    0.9956    0.7481    0.1002   0.08193   0.01481
   220/299     10.6G   0.03022   0.02632 0.0009211   0.05747       144       640    0.9956         1    0.9956    0.7924   0.09874   0.08051   0.01477
   221/299     10.6G   0.03133   0.02705 0.0009482   0.05932       144       640    0.9953         1    0.9956    0.7574    0.1001   0.08201   0.01479
   222/299     10.6G   0.02978   0.02578 0.0008867   0.05644       144       640    0.9953         1    0.9956    0.7873   0.09872   0.08066   0.01477
   223/299     10.6G   0.01332   0.02667 0.0008885   0.04087       144       640    0.9951         1    0.9956    0.7544       0.1   0.08237   0.01479
   224/299     10.6G   0.01228   0.02595 0.0008927   0.03912       144       640    0.9955         1    0.9956    0.7879   0.09859   0.08082   0.01476
   225/299     10.6G   0.03061   0.02688 0.0008854   0.05837       144       640    0.9955    0.9999    0.9956    0.7586   0.09994   0.08225   0.01479
   226/299     10.6G   0.01182   0.02561 0.0008964   0.03833       144       640    0.9959    0.9998    0.9956    0.7882   0.09851   0.08078   0.01477
   227/299     10.6G    0.0128   0.02655 0.0008638   0.04021       144       640    0.9958    0.9998    0.9956    0.7529   0.09987   0.08222    0.0148
   228/299     10.6G   0.01188   0.02535 0.0008766   0.03811       144       640    0.9959    0.9997    0.9956    0.7864   0.09854   0.08091   0.01477
   229/299     10.6G   0.01285   0.02633 0.0008666   0.04004       144       640    0.9958    0.9997    0.9956    0.7542   0.09982   0.08244   0.01479
   230/299     10.6G    0.0117   0.02514 0.0008557    0.0377       144       640     0.996    0.9997    0.9956    0.7811   0.09853   0.08103   0.01476
   231/299     10.6G   0.01271    0.0263 0.0008507   0.03987       144       640     0.996    0.9995    0.9956    0.7608   0.09981   0.08252   0.01478
   232/299     10.6G   0.01187   0.02524 0.0008598   0.03797       144       640    0.9962    0.9995    0.9956    0.7819   0.09858   0.08104   0.01474
   233/299     10.6G    0.0299   0.02618 0.0008506   0.05693       144       640     0.996    0.9995    0.9956    0.7612   0.09961   0.08254   0.01476
   234/299     10.6G   0.01144   0.02507 0.0008888    0.0374       144       640    0.9962    0.9995    0.9956    0.7828   0.09853   0.08104   0.01474
   235/299     10.6G   0.01273   0.02622 0.0008501    0.0398       144       640    0.9961    0.9995    0.9956    0.7598   0.09967   0.08269   0.01476
   236/299     10.6G   0.01151   0.02499 0.0008638   0.03736       144       640    0.9962    0.9995    0.9956     0.786   0.09848   0.08111   0.01474
   237/299     10.6G   0.02958   0.02539 0.0008411   0.05581       144       640    0.9961    0.9995    0.9956    0.7659   0.09957   0.08287   0.01476
   238/299     10.6G   0.01149   0.02526 0.0008278   0.03758       144       640    0.9963    0.9994    0.9956    0.7834   0.09844   0.08139   0.01475
   239/299     10.6G     0.012   0.02513 0.0008247   0.03795       144       640    0.9962    0.9995    0.9956    0.7649   0.09942   0.08283   0.01476
   240/299     10.6G    0.0287   0.02414 0.0008596    0.0537       144       640    0.9963    0.9995    0.9956    0.7802    0.0984   0.08141   0.01475
   241/299     10.6G   0.01198    0.0253 0.0008107   0.03809       144       640    0.9962    0.9994    0.9956    0.7642   0.09935   0.08294   0.01476
   242/299     10.6G   0.02883   0.02449 0.0008553   0.05418       144       640    0.9963    0.9994    0.9956    0.7771    0.0984   0.08161   0.01474
   243/299     10.6G   0.01142   0.02506 0.0008018   0.03728       144       640    0.9962    0.9994    0.9956    0.7601   0.09935   0.08291   0.01475
   244/299     10.6G   0.01104    0.0246 0.0008384   0.03647       144       640    0.9963    0.9994    0.9956    0.7805    0.0984    0.0815   0.01473
   245/299     10.6G   0.01158   0.02507 0.0008166   0.03747       144       640    0.9963    0.9993    0.9956    0.7646   0.09924    0.0827   0.01474
   246/299     10.6G   0.02785   0.02377 0.0008252   0.05245       144       640    0.9965    0.9993    0.9956    0.7823   0.09843   0.08155   0.01472
   247/299     10.6G   0.01146   0.02518 0.0008059   0.03745       144       640    0.9965    0.9993    0.9956    0.7611   0.09936    0.0829   0.01474
   248/299     10.6G   0.01094    0.0245 0.0008176   0.03626       144       640    0.9966    0.9993    0.9956    0.7795    0.0984   0.08152   0.01472
   249/299     10.6G   0.01134   0.02489 0.0007953   0.03703       144       640    0.9966    0.9992    0.9956    0.7642   0.09909   0.08239   0.01474
   250/299     10.6G   0.01074   0.02423 0.0008149   0.03579       144       640    0.9968    0.9991    0.9956    0.7777   0.09838   0.08134   0.01473
   251/299     10.6G   0.01132   0.02522 0.0007798   0.03732       144       640    0.9968    0.9991    0.9956    0.7606   0.09923   0.08241   0.01474
   252/299     10.6G    0.0107   0.02418 0.0007885   0.03566       144       640     0.997     0.999    0.9956    0.7787    0.0983   0.08133   0.01473
   253/299     10.6G   0.01136   0.02486 0.0007854   0.03701       144       640     0.997     0.999    0.9956    0.7633   0.09912   0.08246   0.01474
   254/299     10.6G   0.01036   0.02423 0.0007881   0.03538       144       640     0.997    0.9991    0.9956    0.7854   0.09819   0.08155   0.01473
   255/299     10.6G   0.01117    0.0244 0.0007775   0.03634       144       640    0.9969    0.9992    0.9956    0.7646   0.09908   0.08248   0.01474
   256/299     10.6G   0.01052    0.0243 0.0007866    0.0356       144       640    0.9969    0.9993    0.9956    0.7792   0.09823   0.08158   0.01472
   257/299     10.6G   0.01098   0.02412 0.0007787   0.03588       144       640    0.9968    0.9994    0.9956    0.7634   0.09909   0.08244   0.01473
   258/299     10.6G    0.0104   0.02409 0.0007896   0.03528       144       640    0.9968    0.9994    0.9956    0.7796   0.09821   0.08167   0.01471
   259/299     10.6G   0.01086   0.02446 0.0007821    0.0361       144       640    0.9967    0.9994    0.9956     0.766   0.09896   0.08247   0.01471
   260/299     10.6G   0.02747    0.0237 0.0007805   0.05195       144       640    0.9967    0.9995    0.9956    0.7789   0.09823   0.08169    0.0147
   261/299     10.6G   0.01066   0.02441 0.0007684   0.03584       144       640    0.9967    0.9995    0.9956    0.7609   0.09891   0.08238    0.0147
   262/299     10.6G   0.01002    0.0236 0.0007848    0.0344       144       640    0.9967    0.9995    0.9956    0.7764   0.09819   0.08173   0.01468
   263/299     10.6G   0.01092   0.02464 0.0007671   0.03632       144       640    0.9967    0.9995    0.9956    0.7554   0.09902   0.08264   0.01469
   264/299     10.6G   0.01007   0.02364 0.0007664   0.03447       144       640    0.9967    0.9996    0.9956     0.778   0.09817    0.0818   0.01467
   265/299     10.6G   0.02804   0.02417 0.0007749   0.05299       144       640    0.9966    0.9996    0.9956    0.7589   0.09884   0.08255   0.01467
   266/299     10.6G   0.01001   0.02349 0.0007708   0.03427       144       640    0.9967    0.9996    0.9956    0.7723    0.0982   0.08208   0.01466
   267/299     10.6G   0.01037   0.02408 0.0007439   0.03519       144       640    0.9966    0.9996    0.9956    0.7589    0.0987   0.08268   0.01466
   268/299     10.6G  0.009786   0.02362 0.0007585   0.03416       144       640    0.9967    0.9995    0.9956    0.7711   0.09815   0.08212   0.01464
   269/299     10.6G   0.01022    0.0241  0.000745   0.03506       144       640    0.9967    0.9995    0.9956    0.7592   0.09876   0.08269   0.01464
   270/299     10.6G  0.009687   0.02381 0.0007361   0.03423       144       640    0.9967    0.9995    0.9956    0.7729   0.09818    0.0821   0.01463
   271/299     10.6G   0.01037   0.02363 0.0007471   0.03475       144       640    0.9967    0.9995    0.9956    0.7573   0.09875   0.08267   0.01464
   272/299     10.6G  0.009789   0.02412 0.0007336   0.03464       144       640    0.9969    0.9995    0.9956    0.7768   0.09813   0.08183   0.01463
   273/299     10.6G   0.02798   0.02453 0.0007496   0.05325       144       640    0.9969    0.9994    0.9956    0.7579   0.09882   0.08241   0.01464
   274/299     10.6G   0.02719   0.02393 0.0007646   0.05188       144       640    0.9971    0.9993    0.9956    0.7768   0.09813   0.08161   0.01463
   275/299     10.6G   0.01037   0.02431 0.0007533   0.03543       144       640    0.9972    0.9993    0.9956    0.7575   0.09868   0.08228   0.01465
   276/299     10.6G  0.009682   0.02341 0.0007481   0.03384       144       640    0.9973    0.9993    0.9956     0.776   0.09814   0.08164   0.01463
   277/299     10.6G   0.01021   0.02403 0.0007342   0.03498       144       640    0.9974    0.9992    0.9956    0.7601   0.09869   0.08225   0.01464
   278/299     10.6G   0.02757   0.02421 0.0007192   0.05249       144       640    0.9973    0.9993    0.9956    0.7725   0.09901   0.08313   0.01466
   279/299     10.6G   0.01588   0.02963 0.0006908   0.04619       144       640    0.9973    0.9993    0.9956    0.7725   0.09901   0.08313   0.01466
   280/299     10.6G    0.0141   0.02735 0.0006907   0.04214       144       640    0.9972    0.9994    0.9956    0.7602   0.09874   0.08414   0.01467
   281/299     10.6G   0.01187    0.0251 0.0006993   0.03767       144       640     0.997    0.9994    0.9956    0.7469   0.09872   0.08534   0.01472
   282/299     10.6G   0.01306   0.02603 0.0006788   0.03977       144       640    0.9967    0.9999    0.9956    0.7586   0.09836   0.08681   0.01477
   283/299     10.6G   0.01388   0.02652 0.0007135   0.04111       144       640    0.9967    0.9999    0.9956    0.7586   0.09836   0.08681   0.01477
   284/299     10.6G   0.01207   0.02515 0.0007292   0.03795       144       640    0.9967         1    0.9956    0.7601   0.09816   0.08753   0.01477
   285/299     10.6G   0.02779   0.02442 0.0007424   0.05295       144       640    0.9966    0.9999    0.9956    0.7669   0.09773   0.08728    0.0148
   286/299     10.6G   0.01015   0.02412 0.0007308     0.035       144       640    0.9969    0.9997    0.9956    0.7773   0.09804   0.08619   0.01483
   287/299     10.6G   0.01249   0.02518  0.000708   0.03837       144       640    0.9969    0.9997    0.9956    0.7773   0.09804   0.08619   0.01483
   288/299     10.6G   0.01064   0.02353 0.0006956   0.03486       144       640     0.997    0.9996    0.9956    0.7843   0.09774   0.08558   0.01482
   289/299     10.6G  0.009249   0.02323 0.0007262    0.0332       144       640    0.9972    0.9994    0.9956    0.7894    0.0977   0.08469   0.01482
   290/299     10.6G  0.009567   0.02316 0.0007349   0.03346       144       640    0.9974    0.9993    0.9956    0.7903   0.09772   0.08394   0.01482
   291/299     10.6G   0.01133   0.02422 0.0007123   0.03626       144       640    0.9974    0.9993    0.9956    0.7903   0.09772   0.08394   0.01482
   292/299     10.6G   0.01005   0.02342 0.0006888   0.03415       144       640    0.9975    0.9992    0.9956    0.7809   0.09773   0.08344   0.01478
   293/299     10.6G  0.009869   0.02355  0.000715   0.03414       144       640    0.9975     0.999    0.9956    0.7916   0.09783    0.0834   0.01478
   294/299     10.6G   0.01054   0.02459 0.0006884   0.03582       144       640    0.9903    0.9992    0.9953    0.7701   0.09858   0.08482   0.01478
   295/299     10.6G   0.01183    0.0255 0.0006929   0.03802       144       640    0.9903    0.9992    0.9953    0.7701   0.09858   0.08482   0.01478
   296/299     10.6G   0.01044   0.02418 0.0006937   0.03532       144       640    0.9903    0.9994    0.9953    0.7857   0.09793   0.08492   0.01475
   297/299     10.6G   0.01011   0.02304 0.0007121   0.03387       144       640    0.9975    0.9996    0.9956    0.7927   0.09776   0.08469   0.01473
   298/299     10.6G   0.01129   0.02472 0.0006925   0.03671       144       640    0.9972         1    0.9956    0.7813   0.09732   0.08597   0.01473
   299/299     10.6G   0.02699   0.02314  0.000719   0.05085       144       640    0.9972         1    0.9956    0.7813   0.09732   0.08597   0.01473
