     0/299     9.81G   0.09443   0.04944   0.02283    0.1667       144       640         0         0         0         0    0.1293     0.163    0.0252
     1/299     10.6G   0.09328   0.05009    0.0228    0.1662       144       640         0         0         0         0    0.1283    0.1638   0.02526
     2/299     10.6G   0.09343   0.05026   0.02256    0.1662       144       640         0         0         0         0     0.127    0.1647   0.02524
     3/299     10.6G   0.09151   0.05069    0.0224    0.1646       144       640  0.001378  0.009259 5.163e-05 5.163e-06     0.126     0.167   0.02507
     4/299     10.6G   0.09173   0.05117   0.02252    0.1654       144       640  0.001385  0.009259 4.544e-05 4.544e-06     0.125    0.1702   0.02483
     5/299     10.6G   0.08908   0.05092   0.02159    0.1616       144       640  0.001649  0.008772 6.002e-05 6.002e-06    0.1242    0.1732   0.02462
     6/299     10.6G   0.08834   0.05091   0.02092    0.1602       144       640  0.006261  0.008772  0.000206   5.7e-05    0.1235    0.1701    0.0244
     7/299     10.6G   0.08684   0.05063    0.0202    0.1577       144       640   0.00608   0.01887  0.000331 4.805e-05    0.1241    0.1627   0.02416
     8/299     10.6G   0.08672   0.05002   0.01987    0.1566       144       640   0.01125   0.04749   0.00187 0.0002459    0.1247    0.1553   0.02389
     9/299     10.6G   0.08502   0.05002   0.01957    0.1546       144       640   0.01905   0.01936  0.006293 0.0007423    0.1225     0.154   0.02376
    10/299     10.6G   0.08121   0.04923   0.01892    0.1494       144       640   0.02597   0.08333    0.0129  0.002603    0.1238     0.149   0.02361
    11/299     10.6G   0.08215   0.04874   0.01923    0.1501       144       640   0.06063   0.08573   0.01771  0.002733    0.1238    0.1476   0.02329
    12/299     10.6G   0.08009   0.04731   0.01843    0.1458       144       640   0.07823    0.1547   0.02861  0.005851    0.1217     0.144   0.02336
    13/299     10.6G    0.0791   0.04363   0.01874    0.1415       144       640    0.1444    0.2368   0.07896   0.01214    0.1192    0.1431   0.02357
    14/299     10.6G    0.0807    0.0432    0.0192    0.1431       144       640    0.2588    0.2651    0.1195   0.02442    0.1191    0.1362   0.02393
    15/299     10.6G   0.07138   0.04112   0.01623    0.1287       144       640    0.3358    0.2447     0.135   0.02625    0.1201    0.1325   0.02406
    16/299     10.6G   0.06926   0.03892    0.0169    0.1251       144       640    0.3845    0.2254    0.1505   0.03367    0.1262    0.1308   0.02408
    17/299     10.6G   0.08032   0.03819    0.0167    0.1352       144       640    0.3565    0.2526    0.1731   0.03789    0.1269    0.1312   0.02375
    18/299     10.6G   0.07182   0.03838   0.01896    0.1292       144       640    0.2846    0.3545    0.2159   0.05367    0.1257    0.1294   0.02347
    19/299     10.6G   0.04458   0.03708   0.01259   0.09425       144       640    0.3174    0.4176    0.2916   0.06624    0.1232    0.1303   0.02359
    20/299     10.6G   0.05419   0.03647   0.01449    0.1052       144       640    0.3678     0.411    0.3386   0.08202    0.1231    0.1285   0.02349
    21/299     10.6G   0.04123    0.0364   0.01231   0.08995       144       640    0.3925    0.4806     0.388   0.09231    0.1224    0.1271    0.0234
    22/299     10.6G   0.05237   0.03585   0.01335    0.1016       144       640    0.3562    0.3067    0.3007   0.06359    0.1324    0.1183   0.02259
    23/299     10.6G   0.06208   0.03704   0.01726    0.1164       144       640    0.5988    0.5308      0.56     0.149    0.1189    0.1349   0.02405
    24/299     10.6G   0.05265    0.0371   0.01435    0.1041       144       640     0.471    0.5157    0.5043    0.1438    0.1171    0.1336   0.02478
    25/299     10.6G   0.05164   0.03722   0.01316     0.102       144       640    0.1896    0.4802    0.2652   0.05967    0.1216     0.127   0.02463
    26/299     10.6G   0.05409   0.03763   0.01352    0.1052       144       640    0.1681    0.5802    0.2799   0.05936    0.1241    0.1196   0.02548
    27/299     10.6G    0.0412   0.03677   0.01197   0.08995       144       640    0.2569    0.4767     0.311    0.0901    0.1218    0.1147   0.02599
    28/299     10.6G   0.04173   0.03616   0.01171    0.0896       144       640    0.2818     0.604    0.3397    0.1046    0.1237    0.1102   0.02617
    29/299     10.6G   0.03862   0.03544   0.01135    0.0854       144       640    0.3417    0.6389    0.3779    0.1169    0.1198    0.1096   0.02633
    30/299     10.6G   0.03853   0.03449   0.01095   0.08397       144       640    0.3497    0.6356     0.408    0.1342    0.1245    0.1099   0.02621
    31/299     10.6G   0.04476   0.03408   0.01068   0.08952       144       640   0.06815   0.07935    0.0137  0.002289    0.1309     0.105   0.02565
    32/299     10.6G   0.05886   0.03145   0.01258    0.1029       144       640    0.3346    0.3222    0.2963   0.07762    0.1229    0.1146   0.02504
    33/299     10.6G   0.04033   0.03457   0.01004   0.08494       144       640    0.3157    0.6776    0.4061     0.109    0.1188    0.1181   0.02431
    34/299     10.6G   0.03844   0.03435  0.009685   0.08248       144       640    0.7413    0.6234    0.7103    0.2554    0.1216    0.1155   0.02384
    35/299     10.6G   0.03952   0.03439  0.009419   0.08333       144       640    0.4711    0.5769    0.4308   0.09851    0.1162    0.1187   0.02349
    36/299     10.6G   0.04382   0.03362  0.009235   0.08667       144       640    0.1539    0.3019    0.1011   0.01685     0.118    0.1212   0.02314
    37/299     10.6G   0.04317   0.03313  0.008935   0.08524       144       640    0.3363    0.5629    0.3653    0.1126    0.1151    0.1332   0.02264
    38/299     10.6G   0.03998   0.03378  0.008772   0.08253       144       640    0.7013    0.5111    0.5092     0.206    0.1227    0.1207   0.02251
    39/299     10.6G   0.04041   0.03163  0.008522   0.08056       144       640    0.6428    0.5667    0.5564    0.1395    0.1215    0.1166   0.02235
    40/299     10.6G   0.03951   0.03084  0.008646   0.07899       144       640    0.9527     0.841    0.9405    0.4753    0.1186    0.1112   0.02213
    41/299     10.6G   0.04648   0.03083   0.01168   0.08898       144       640    0.5198    0.2225    0.1268   0.02502    0.1297    0.1499   0.02694
    42/299     10.6G   0.04535   0.03463   0.01177   0.09175       144       640         0         0         0         0    0.1597   0.04701   0.04304
    43/299     10.6G   0.03961   0.03853   0.01134   0.08947       144       640         0         0         0         0     0.162   0.07649   0.05035
    44/299     10.6G   0.04167   0.03988   0.01338   0.09493       144       640         0         0         0         0    0.1588     7.536   0.07695
    45/299     10.6G   0.03399   0.04118  0.009885   0.08506       144       640         0         0         0         0    0.1562     5.095   0.06258
    46/299     10.6G    0.0322   0.04008  0.009334   0.08162       144       640         0         0         0         0    0.1534     1.359    0.0434
    47/299     10.6G   0.03246   0.03871  0.008907   0.08007       144       640  0.003663   0.02308 0.0001163 2.623e-05    0.1436    0.2445   0.03197
    48/299     10.6G   0.03255   0.03744    0.0084   0.07838       144       640    0.1926    0.2052   0.07699   0.01858    0.1284    0.1251   0.02767
    49/299     10.6G   0.03509   0.03624  0.008026   0.07935       144       640    0.4365    0.4818    0.4031    0.1394    0.1212    0.1135     0.026
    50/299     10.6G   0.03509   0.03793  0.007655   0.08067       144       640    0.3503    0.4671    0.2283    0.0528    0.1139    0.1165   0.02486
    51/299     10.6G   0.03496   0.03617  0.007264    0.0784       144       640    0.7514    0.6966    0.7209    0.3271    0.1082    0.1128   0.02445
    52/299     10.6G   0.03127   0.03493  0.007011   0.07322       144       640    0.8274    0.7248    0.7734    0.3615    0.1137    0.1026   0.02447
    53/299     10.6G   0.03638   0.03381  0.006846   0.07704       144       640    0.1964    0.3704     0.136   0.02904    0.1201    0.1109   0.02393
    54/299     10.6G   0.04321   0.03312  0.006674   0.08301       144       640    0.7521     0.737      0.75     0.319    0.1191    0.1112   0.02276
    55/299     10.6G   0.03704   0.03284  0.006511   0.07639       144       640    0.8222    0.7799    0.8023    0.2692    0.1177    0.1023   0.02246
    56/299     10.6G   0.03747   0.03151  0.006158   0.07515       144       640    0.5161     0.556    0.4413   0.08266    0.1167    0.1089   0.02176
    57/299     10.6G    0.0454   0.02949  0.006134   0.08103       144       640    0.0586     0.359   0.03401  0.007514    0.1246    0.1093   0.02139
    58/299     10.6G   0.05334   0.02572  0.006227   0.08529       144       640   0.07298     0.283   0.03633    0.0063    0.1242    0.1133   0.02074
    59/299     10.6G    0.0512   0.02881  0.006815   0.08683       144       640    0.3177    0.3944    0.3166    0.1019    0.1172     0.128   0.02053
    60/299     10.6G   0.04444   0.03584  0.007624   0.08791       144       640    0.4967    0.5531     0.502    0.1343    0.1139    0.1286   0.02015
    61/299     10.6G   0.04789   0.03086  0.006802   0.08555       144       640   0.03746    0.1839   0.01893  0.002561    0.1241   0.09975   0.02006
    62/299     10.6G    0.0554   0.02423  0.005623   0.08526       144       640   0.09971    0.1595   0.06014  0.008919    0.1244   0.09005   0.01974
    63/299     10.6G   0.05096   0.02387    0.0053   0.08012       144       640   0.07277    0.1645   0.04187  0.007266    0.1304   0.08583   0.01949
    64/299     10.6G   0.04522   0.02572  0.005335   0.07627       144       640    0.8225    0.4846     0.551    0.1932    0.1265    0.0834   0.01927
    65/299     10.6G   0.03909   0.02491  0.005727   0.06973       144       640     0.785    0.7027    0.8036    0.3429    0.1287   0.07459   0.01942
    66/299     10.6G   0.04171   0.02553  0.006365   0.07361       144       640    0.7186    0.7052    0.6478     0.227    0.1286   0.07919   0.01945
    67/299     10.6G   0.04184   0.02264  0.005608   0.07009       144       640    0.6579    0.7641    0.6825    0.1869    0.1274   0.07545   0.01922
    68/299     10.6G   0.03945   0.02242   0.00499   0.06686       144       640    0.7826    0.7596    0.7322    0.2165    0.1266   0.07878   0.01921
    69/299     10.6G   0.04072   0.02211  0.005356   0.06819       144       640    0.6049    0.6986    0.5747    0.2707     0.132   0.06733   0.01889
    70/299     10.6G   0.05322   0.02126  0.007063   0.08154       144       640     0.834    0.7756    0.8374    0.2811    0.1489   0.08478   0.02518
    71/299     10.6G   0.04077   0.02449  0.006983   0.07224       144       640    0.3851    0.4873    0.3059   0.05712    0.1516   0.09264   0.02593
    72/299     10.6G   0.03951   0.02596   0.00717   0.07264       144       640    0.7203    0.6942    0.6849    0.1989     0.149    0.1007   0.02571
    73/299     10.6G   0.03771   0.02643  0.007009   0.07115       144       640    0.8131    0.7703    0.8122    0.2768    0.1447    0.1043   0.02467
    74/299     10.6G   0.03165   0.02858  0.006733   0.06696       144       640    0.8332    0.8644    0.8796    0.3278    0.1442   0.08728   0.02451
    75/299     10.6G   0.03333    0.0263   0.00631   0.06594       144       640    0.5168    0.5965    0.4277   0.09241     0.145   0.08477   0.02397
    76/299     10.6G   0.03606   0.02502  0.006099   0.06718       144       640    0.6575    0.8073    0.6785    0.1907    0.1484   0.07949   0.02248
    77/299     10.6G   0.04521   0.02434  0.006145   0.07569       144       640    0.7494    0.7941    0.8346    0.2496    0.1409    0.0926   0.02035
    78/299     10.6G    0.0336   0.02807  0.005788   0.06745       144       640    0.9116    0.9326     0.943    0.4348    0.1377   0.08809   0.01851
    79/299     10.6G   0.03866   0.02524  0.005106     0.069       144       640    0.1308    0.3549    0.1074   0.01568    0.1419   0.08898   0.01797
    80/299     10.6G   0.04315   0.02423  0.004929   0.07231       144       640    0.7996    0.7241    0.7911    0.3173    0.1339   0.09855   0.01745
    81/299     10.6G   0.03739   0.02657  0.005148    0.0691       144       640    0.8013     0.757    0.8526    0.2635    0.1351       0.1   0.01728
    82/299     10.6G   0.03222   0.02843  0.005101   0.06576       144       640    0.8804    0.9361    0.9578    0.4897    0.1308   0.09643   0.01672
    83/299     10.6G   0.03859   0.02608   0.00483    0.0695       144       640    0.5129    0.6254    0.5251    0.1065    0.1389    0.0978   0.01642
    84/299     10.6G   0.04659   0.02626  0.005001   0.07786       144       640    0.9584    0.8649    0.9491    0.3891     0.133    0.1023   0.01605
    85/299     10.6G   0.03766   0.02605  0.004708   0.06842       144       640    0.7233    0.6729      0.64     0.135    0.1322    0.1111   0.01592
    86/299     10.6G   0.03554   0.03085  0.005029   0.07142       144       640     0.979    0.8558    0.9365     0.365    0.1301    0.1149   0.01558
    87/299     10.6G   0.03598   0.03202  0.005116   0.07312       144       640    0.9929    0.8762     0.962    0.4048    0.1284    0.1227   0.01563
    88/299     10.6G   0.03037   0.03601  0.005226   0.07161       144       640    0.9716    0.9397    0.9748    0.5808    0.1255    0.1176   0.01532
    89/299     10.6G   0.03415   0.03372  0.004983   0.07285       144       640    0.7208    0.7569    0.7146    0.1194    0.1258    0.1241    0.0152
    90/299     10.6G   0.03103   0.03617  0.004953   0.07215       144       640    0.8989    0.8534    0.9007    0.3127    0.1231    0.1222    0.0151
    91/299     10.6G   0.03714    0.0323  0.004795   0.07423       144       640    0.9512    0.9313    0.9733    0.5854    0.1191    0.1214   0.01508
    92/299     10.6G   0.02902   0.03407  0.004584   0.06768       144       640    0.9712    0.8895    0.9641    0.3672    0.1164    0.1191   0.01501
    93/299     10.6G   0.03545   0.03419  0.004397   0.07404       144       640    0.8429    0.8687    0.8646    0.3915    0.1219    0.1131   0.01492
    94/299     10.6G   0.03734   0.03686  0.005548   0.07975       144       640     0.959    0.8891     0.961    0.6433    0.1192    0.1074   0.01475
    95/299     10.6G   0.02832   0.03391  0.005696   0.06793       144       640    0.9388    0.9404    0.9698     0.441    0.1232   0.09782   0.01463
    96/299     10.6G   0.03952   0.02969   0.00663   0.07584       144       640    0.9226    0.8915    0.9379    0.4451     0.121   0.09822   0.01444
    97/299     10.6G   0.03664   0.02997  0.005927   0.07254       144       640    0.7132    0.7169    0.6397    0.1354    0.1244   0.09722   0.01447
    98/299     10.6G   0.03942   0.02887  0.006437   0.07473       144       640    0.7406    0.7847    0.7247    0.1659    0.1212    0.1079   0.01455
    99/299     10.6G   0.03623   0.03278  0.006228   0.07524       144       640    0.8317    0.8418    0.8773    0.5186    0.1212    0.1054   0.01457
   100/299     10.6G   0.03325   0.03616  0.005395   0.07481       144       640     0.933    0.9018     0.965    0.6001    0.1132    0.1231    0.0148
   101/299     10.6G   0.02915   0.03825  0.005744   0.07315       144       640    0.9528     0.889    0.9655    0.4829    0.1137    0.1146   0.01466
   102/299     10.6G   0.02843   0.03882  0.005256   0.07251       144       640    0.9071    0.9312    0.9785    0.4933    0.1107    0.1187   0.01483
   103/299     10.6G   0.03008   0.03646  0.005058    0.0716       144       640    0.8719    0.8477    0.8787    0.2278    0.1124    0.1183   0.01473
   104/299     10.6G   0.03147    0.0357  0.004847   0.07202       144       640    0.8818    0.9008    0.9259    0.3157    0.1117    0.1143   0.01452
   105/299     10.6G   0.03117   0.03357  0.005045   0.06979       144       640    0.8879    0.8864    0.9396    0.5472     0.112    0.1036   0.01412
   106/299     10.6G   0.03207   0.03269   0.00495   0.06971       144       640    0.9124    0.8208    0.9303    0.5127    0.1154   0.09908   0.01355
   107/299     10.6G     0.034   0.03303  0.004101   0.07113       144       640    0.8188    0.8085    0.7973    0.1821    0.1201    0.1108   0.01338
   108/299     10.6G   0.03399   0.03536  0.003892   0.07325       144       640    0.8972    0.8926    0.9486    0.5818    0.1171    0.1138   0.01326
   109/299     10.6G   0.03177   0.03442  0.003655   0.06984       144       640    0.8939    0.8593    0.9196     0.253    0.1215    0.1086   0.01308
   110/299     10.6G     0.032   0.03233  0.003551   0.06788       144       640    0.9607    0.9155    0.9825     0.506    0.1157     0.118   0.01295
   111/299     10.6G   0.03157   0.03312  0.003635   0.06833       144       640    0.9628    0.9169    0.9526    0.3342     0.115     0.124     0.013
   112/299     10.6G   0.02994   0.03512  0.003705   0.06877       144       640     0.952    0.9282    0.9744     0.522     0.111    0.1248   0.01278
   113/299     10.6G    0.0288   0.03575  0.003411   0.06796       144       640    0.9461    0.9345    0.9701    0.4258      0.11    0.1248   0.01263
   114/299     10.6G   0.02501   0.03517   0.00319   0.06337       144       640     0.952    0.9521    0.9765    0.5975    0.1053    0.1153   0.01239
   115/299     10.6G   0.02824   0.03439  0.002838   0.06547       144       640    0.8681    0.8753    0.9115    0.2666    0.1162    0.1092   0.01227
   116/299     10.6G   0.03101   0.03502  0.002672    0.0687       144       640    0.8779    0.9371    0.9549    0.4596    0.1132    0.1063   0.01219
   117/299     10.6G   0.03107   0.03476  0.002991   0.06882       144       640    0.8177    0.8674    0.8834    0.5099    0.1137    0.1115   0.01223
   118/299     10.6G   0.03168   0.03415  0.003778   0.06961       144       640    0.9515    0.9197    0.9716    0.6276    0.1148     0.105   0.01255
   119/299     10.6G   0.04016   0.03023  0.003305    0.0737       144       640     0.907    0.8898    0.9087    0.2459    0.1261   0.09966   0.01264
   120/299     10.6G    0.0405   0.02955  0.003106   0.07316       144       640    0.9734    0.9328    0.9825    0.6504    0.1211    0.1005   0.01311
   121/299     10.6G   0.03603   0.03034  0.003784   0.07015       144       640    0.9444    0.9419    0.9794    0.4879    0.1214    0.1011   0.01316
   122/299     10.6G   0.02927   0.03063  0.004958   0.06486       144       640    0.9567    0.9615    0.9874    0.7074    0.1182   0.09458   0.01309
   123/299     10.6G   0.03666   0.03074  0.003673   0.07108       144       640    0.9027    0.8574    0.9156     0.556    0.1247   0.09434    0.0129
   124/299     10.6G   0.03162   0.03232  0.003381   0.06732       144       640    0.9125    0.9097    0.9533    0.6653    0.1215   0.09544   0.01244
   125/299     10.6G   0.03131   0.03383  0.003068    0.0682       144       640     0.792    0.9433    0.9635    0.4935     0.124    0.1037   0.01242
   126/299     10.6G   0.02664   0.03846  0.003222   0.06832       144       640    0.9466    0.8897    0.9722    0.5772    0.1208   0.09834    0.0127
   127/299     10.6G   0.03104   0.03183  0.003019   0.06589       144       640    0.9649    0.9371    0.9639    0.3902     0.124   0.09155    0.0129
   128/299     10.6G   0.02859   0.02811  0.003239   0.05994       144       640    0.9782    0.9645    0.9839    0.6729     0.122    0.0784   0.01314
   129/299     10.6G   0.03187   0.02762   0.00368   0.06316       144       640    0.8431    0.8863     0.934    0.4615    0.1267   0.09025   0.01335
   130/299     10.6G   0.02782   0.03276  0.003278   0.06386       144       640    0.9341    0.9034    0.9584    0.4911    0.1252   0.08564   0.01343
   131/299     10.6G   0.03348   0.02986  0.003331   0.06667       144       640    0.8968    0.8605    0.8861    0.2642    0.1243   0.09334   0.01342
   132/299     10.6G   0.03383   0.03199  0.003344   0.06916       144       640    0.9068    0.8986    0.9148    0.2807     0.119    0.1044   0.01359
   133/299     10.6G   0.02735   0.03332  0.003381   0.06405       144       640    0.9678    0.9589    0.9777    0.5913    0.1177   0.09559   0.01375
   134/299     10.6G   0.02588   0.03307  0.003744    0.0627       144       640    0.9751    0.9589    0.9805    0.6855    0.1166   0.08914   0.01391
   135/299     10.6G   0.02619   0.02825  0.003445   0.05788       144       640    0.9755    0.9639    0.9828    0.6837    0.1185   0.08786   0.01395
   136/299     10.6G   0.02325   0.02772  0.004176   0.05514       144       640    0.9639    0.9196     0.986    0.6393     0.118   0.08532   0.01415
   137/299     10.6G   0.02719   0.02774   0.00378   0.05871       144       640    0.9361    0.9106    0.9788    0.4882    0.1219   0.08927   0.01421
   138/299     10.6G   0.02858   0.02738  0.003695   0.05966       144       640    0.9763    0.9493    0.9877    0.6815    0.1169   0.09158   0.01429
   139/299     10.6G   0.02548   0.02929  0.003789   0.05855       144       640    0.9057    0.8719    0.9515    0.5911     0.121   0.09396   0.01416
   140/299     10.6G   0.02604    0.0315  0.003608   0.06115       144       640    0.9618    0.9398     0.985    0.6883    0.1173     0.092   0.01425
   141/299     10.6G   0.02647   0.02762  0.003355   0.05744       144       640    0.9685    0.9342    0.9833    0.5543    0.1176   0.09443   0.01411
   142/299     10.6G   0.02437   0.02761  0.003183   0.05516       144       640    0.9787    0.9785    0.9911    0.6959     0.117   0.08807   0.01406
   143/299     10.6G   0.03138   0.02652  0.003371   0.06127       144       640     0.963    0.9856    0.9923    0.6199    0.1166   0.09022   0.01399
   144/299     10.6G   0.02573   0.02728  0.004085   0.05709       144       640     0.891    0.9496    0.9673    0.6941    0.1143    0.1029   0.01423
   145/299     10.6G   0.02757   0.03054  0.003458   0.06157       144       640    0.9504    0.9574    0.9881    0.5984    0.1115     0.108   0.01435
   146/299     10.6G   0.02241    0.0327  0.004124   0.05924       144       640    0.9566    0.9743    0.9908    0.7302    0.1073    0.1082   0.01471
   147/299     10.6G   0.02039   0.03616  0.004029   0.06058       144       640    0.9637    0.8733    0.9668    0.6879    0.1115    0.1077   0.01505
   148/299     10.6G   0.02326    0.0363  0.003568   0.06313       144       640    0.9448    0.9124    0.9832     0.715    0.1084    0.1056   0.01551
   149/299     10.6G   0.02554   0.03239   0.00472   0.06265       144       640    0.9851    0.9168     0.988    0.6765    0.1067    0.1066   0.01561
   150/299     10.6G   0.02515   0.03173   0.00521   0.06209       144       640    0.9804    0.9805    0.9932    0.7386    0.1051    0.1023   0.01574
   151/299     10.6G   0.02402   0.03438  0.005845   0.06424       144       640    0.9822    0.9017     0.979     0.673    0.1099    0.1033   0.01563
   152/299     10.6G   0.02601   0.03776  0.005282   0.06904       144       640     0.934    0.9817    0.9871    0.6831    0.1047    0.1048   0.01577
   153/299     10.6G   0.02254   0.03583  0.004827    0.0632       144       640    0.9701    0.9011    0.9729    0.5734     0.107    0.1049   0.01579
   154/299     10.6G   0.02269   0.03595  0.005141   0.06378       144       640    0.9899    0.9448    0.9868     0.738    0.1067   0.09749    0.0155
   155/299     10.6G   0.02616   0.03125  0.005641   0.06306       144       640    0.9796    0.9979    0.9942    0.7271    0.1049   0.09548   0.01482
   156/299     10.6G   0.02287   0.03037  0.005168   0.05841       144       640    0.9761     0.953    0.9882    0.7109    0.1138    0.0889   0.01413
   157/299     10.6G   0.03175   0.03009  0.004072   0.06592       144       640    0.9786    0.8864    0.9668    0.6605    0.1122   0.09946   0.01374
   158/299     10.6G    0.0241   0.03458  0.004041   0.06272       144       640    0.9805    0.9758    0.9914    0.7407    0.1045    0.1143   0.01325
   159/299     10.6G   0.02104   0.03384  0.004102   0.05898       144       640    0.9613    0.9768    0.9899    0.6343    0.1075    0.1054   0.01325
   160/299     10.6G   0.02013   0.03026   0.00407   0.05446       144       640     0.968    0.9907    0.9932    0.7439    0.1039    0.1024   0.01298
   161/299     10.6G   0.01879   0.03755  0.003775   0.06012       144       640    0.9804    0.8605    0.9734    0.7142    0.1084    0.1042    0.0129
   162/299     10.6G   0.02085   0.04321  0.003718   0.06777       144       640    0.9786    0.8975    0.9713    0.6145    0.1096    0.1007   0.01294
   163/299     10.6G   0.02691   0.03315   0.00378   0.06383       144       640    0.9764    0.9324    0.9784    0.4042    0.1122    0.1033   0.01283
   164/299     10.6G   0.02674   0.03243  0.003702   0.06287       144       640    0.9482     0.943    0.9799    0.6718    0.1125    0.1037   0.01277
   165/299     10.6G   0.03098   0.03197  0.003764   0.06672       144       640    0.9894    0.8757    0.9624    0.5607    0.1157    0.1017   0.01247
   166/299     10.6G   0.03439   0.03323   0.00366   0.07128       144       640     0.963    0.9723    0.9886    0.7192     0.113   0.09923   0.01227
   167/299     10.6G   0.02493   0.03088  0.003468   0.05928       144       640     0.969    0.9858    0.9911    0.7172    0.1101    0.1018    0.0123
   168/299     10.6G   0.02215   0.03176  0.003529   0.05744       144       640    0.9784    0.9969    0.9914    0.7259    0.1081    0.1037   0.01239
   169/299     10.6G   0.02086   0.03324  0.003502    0.0576       144       640    0.9749    0.9977    0.9905    0.7316    0.1074     0.104   0.01236
   170/299     10.6G   0.01963     0.033  0.003412   0.05604       144       640    0.9755    0.9886    0.9907    0.7501    0.1059    0.1034   0.01233
   171/299     10.6G   0.01848   0.03263  0.003397   0.05451       144       640    0.9769    0.9784    0.9896    0.7451    0.1049    0.1024   0.01234
   172/299     10.6G   0.01827   0.03337  0.003386   0.05503       144       640    0.9769    0.9772    0.9902    0.7585    0.1033    0.1006   0.01239
   173/299     10.6G    0.0169   0.03324  0.003326   0.05346       144       640    0.9669    0.9848    0.9888    0.7534     0.102    0.0992   0.01246
   174/299     10.6G   0.01821   0.03267    0.0033   0.05418       144       640     0.982     0.982    0.9923    0.7504    0.1019    0.0975   0.01246
   175/299     10.6G   0.01723   0.03211  0.003217   0.05255       144       640    0.9797    0.9914    0.9923    0.7514     0.101   0.09577   0.01247
   176/299     10.6G   0.01821   0.03265  0.003176   0.05403       144       640    0.9784    0.9904    0.9926    0.7503    0.1005   0.09473   0.01241
   177/299     10.6G   0.01641   0.03194  0.003096   0.05145       144       640    0.9716         1    0.9926    0.7593   0.09945   0.09367   0.01235
   178/299     10.6G    0.0175    0.0317  0.003023   0.05223       144       640    0.9759         1    0.9931    0.7517   0.09919   0.09244   0.01228
   179/299     10.6G   0.01706   0.03242  0.002875   0.05236       144       640    0.9766         1    0.9936    0.7554   0.09846   0.09216    0.0122
   180/299     10.6G   0.01641   0.03172  0.002886   0.05102       144       640    0.9822    0.9916    0.9934    0.7362   0.09833   0.09213   0.01211
   181/299     10.6G   0.01495   0.03142  0.002738   0.04911       144       640    0.9908    0.9964    0.9936    0.7629   0.09652   0.09185   0.01207
   182/299     10.6G   0.01677   0.03296  0.002735   0.05246       144       640      0.99         1    0.9939    0.7314   0.09865   0.09267   0.01199
   183/299     10.6G   0.01578    0.0314  0.002649   0.04983       144       640    0.9898    0.9999    0.9939     0.765   0.09537    0.0927   0.01194
   184/299     10.6G   0.01508   0.03138  0.002618   0.04908       144       640    0.9889    0.9999    0.9939    0.7409   0.09695   0.09291   0.01187
   185/299     10.6G   0.01563   0.03098  0.002508   0.04911       144       640    0.9868         1    0.9941    0.7677   0.09514   0.09241   0.01182
   186/299     10.6G   0.01721    0.0315  0.002471   0.05118       144       640    0.9859    0.9999    0.9941    0.7321   0.09841   0.09283   0.01178
   187/299     10.6G   0.01595   0.03132  0.002391   0.04967       144       640    0.9854         1    0.9944    0.7641   0.09454   0.09274   0.01173
   188/299     10.6G   0.01606   0.03117  0.002391   0.04962       144       640    0.9846         1    0.9941    0.7306   0.09715   0.09363   0.01167
   189/299     10.6G   0.01449   0.03084  0.002275    0.0476       144       640    0.9846         1    0.9941    0.7583    0.0939   0.09394   0.01159
   190/299     10.6G   0.01443   0.03168  0.002254   0.04837       144       640    0.9836         1    0.9941     0.735   0.09508   0.09535   0.01149
   191/299     10.6G   0.01425   0.03102  0.002217   0.04749       144       640    0.9835    0.9999    0.9941    0.7617   0.09381   0.09295   0.01142
   192/299     10.6G   0.01447   0.03217  0.002179   0.04882       144       640    0.9907    0.9917    0.9944    0.7308   0.09473   0.09427   0.01132
   193/299     10.6G   0.01464   0.03119  0.002131   0.04796       144       640    0.9816         1    0.9944     0.755   0.09446    0.0915   0.01129
   194/299     10.6G   0.01568   0.03236  0.002137   0.05018       144       640    0.9904    0.9914    0.9946    0.7348   0.09527   0.09337   0.01119
   195/299     10.6G   0.01534   0.03171  0.002083   0.04914       144       640    0.9847    0.9912    0.9944     0.762    0.0948   0.09187   0.01116
   196/299     10.6G   0.01317   0.03098  0.002014   0.04616       144       640    0.9812         1    0.9944    0.7373   0.09378   0.09303   0.01109
   197/299     10.6G   0.01421   0.03094  0.001997   0.04715       144       640    0.9783         1    0.9946     0.754   0.09394   0.09273   0.01104
   198/299     10.6G   0.01368   0.03078  0.001938   0.04639       144       640    0.9818         1    0.9944    0.7392   0.09402   0.09294   0.01098
   199/299     10.6G   0.01623   0.03107  0.001916   0.04922       144       640      0.96         1    0.9936    0.7512   0.09542   0.09262   0.01095
   200/299     10.6G   0.01576   0.03136  0.001903   0.04902       144       640    0.9812         1    0.9944    0.7508   0.09537   0.09328   0.01089
   201/299     10.6G    0.0164   0.03112  0.001857   0.04937       144       640    0.9819     0.999    0.9944    0.7498   0.09542   0.09289   0.01085
   202/299     10.6G   0.01757   0.03046  0.001878    0.0499       144       640    0.9808         1    0.9944    0.7401   0.09579   0.09574   0.01085
   203/299     10.6G   0.01625   0.03029  0.001814   0.04836       144       640    0.9815    0.9989    0.9942    0.7687   0.09497   0.09576    0.0108
   204/299     10.6G   0.01521   0.02945  0.001799   0.04646       144       640    0.9797         1    0.9944    0.7466   0.09467    0.0969   0.01076
   205/299     10.6G   0.01599   0.03001  0.001784   0.04779       144       640    0.9731    0.9972    0.9938    0.7682    0.0952   0.09777   0.01074
   206/299     10.6G   0.01461   0.02939  0.001766   0.04577       144       640    0.9817         1    0.9942    0.7497   0.09506    0.0985   0.01069
   207/299     10.6G   0.01453   0.02916  0.001777   0.04547       144       640    0.9784         1    0.9944    0.7647   0.09385   0.09924   0.01067
   208/299     10.6G    0.0136    0.0289   0.00171   0.04421       144       640    0.9817         1    0.9941    0.7559   0.09389   0.09885   0.01065
   209/299     10.6G   0.01462   0.02897  0.001687   0.04528       144       640    0.9849         1    0.9941    0.7666   0.09303   0.09955   0.01063
   210/299     10.6G   0.01476   0.02909   0.00166    0.0455       144       640    0.9847         1    0.9941    0.7475    0.0953   0.09736    0.0106
   211/299     10.6G   0.01623   0.02912  0.001628   0.04698       144       640    0.9784    0.9999    0.9944    0.7708   0.09328   0.09954   0.01054
   212/299     10.6G   0.01439   0.02856  0.001606   0.04456       144       640    0.9811         1    0.9944      0.75   0.09528   0.09808    0.0105
   213/299     10.6G   0.01527   0.02953  0.001608   0.04641       144       640    0.9768         1    0.9944    0.7679   0.09373   0.09985   0.01047
   214/299     10.6G   0.01375    0.0284   0.00156   0.04371       144       640     0.981         1    0.9941    0.7563   0.09357   0.09954   0.01043
   215/299     10.6G   0.01422    0.0287  0.001547   0.04447       144       640    0.9764         1    0.9939    0.7655   0.09337   0.09996   0.01039
   216/299     10.6G   0.01451   0.02842   0.00149   0.04443       144       640    0.9817         1    0.9942      0.75     0.094   0.09992   0.01036
   217/299     10.6G   0.01511   0.02942  0.001483   0.04602       144       640    0.9773    0.9999    0.9942    0.7708   0.09391    0.1003   0.01032
   218/299     10.6G   0.01477   0.02902  0.001501   0.04528       144       640    0.9816         1    0.9941    0.7494   0.09394    0.1007   0.01032
   219/299     10.6G   0.01485   0.02931  0.001457   0.04562       144       640    0.9773         1    0.9941    0.7675   0.09376    0.1014   0.01028
   220/299     10.6G   0.01399   0.02844  0.001445   0.04387       144       640    0.9813         1    0.9937    0.7551   0.09357    0.1017   0.01027
   221/299     10.6G    0.0145   0.02921  0.001444   0.04515       144       640    0.9732         1    0.9941    0.7647   0.09381    0.1017   0.01025
   222/299     10.6G   0.01385     0.028  0.001389   0.04324       144       640    0.9772         1    0.9941    0.7443   0.09319    0.1025   0.01023
   223/299     10.6G   0.01488   0.02863  0.001376   0.04488       144       640    0.9724         1    0.9944    0.7659   0.09448     0.102   0.01021
   224/299     10.6G   0.01413   0.02826  0.001359   0.04375       144       640     0.977         1    0.9941    0.7549    0.0929    0.1032   0.01018
   225/299     10.6G   0.01503   0.02857  0.001331   0.04493       144       640    0.9723         1     0.995     0.769   0.09349    0.1032   0.01016
   226/299     10.6G   0.01299   0.02768  0.001341     0.042       144       640    0.9769         1    0.9951    0.7641    0.0935    0.1019   0.01016
   227/299     10.6G   0.01414   0.02802  0.001311   0.04348       144       640    0.9771    0.9999    0.9956    0.7682   0.09278    0.1038   0.01014
   228/299     10.6G    0.0129   0.02777  0.001301   0.04197       144       640    0.9766         1    0.9951    0.7578   0.09422     0.102   0.01013
   229/299     10.6G   0.01435   0.02844  0.001286   0.04407       144       640    0.9762         1    0.9952    0.7653    0.0925    0.1045    0.0101
   230/299     10.6G   0.01308   0.02742  0.001277   0.04177       144       640    0.9758         1    0.9954    0.7578   0.09367     0.103    0.0101
   231/299     10.6G    0.0138   0.02777  0.001247   0.04281       144       640    0.9755         1    0.9954    0.7671    0.0922    0.1046   0.01007
   232/299     10.6G   0.01269   0.02752  0.001269   0.04147       144       640    0.9747    0.9999    0.9954    0.7515   0.09327    0.1039   0.01006
   233/299     10.6G   0.01425   0.02751  0.001227   0.04299       144       640    0.9739         1    0.9952    0.7625   0.09194    0.1056   0.01003
   234/299     10.6G   0.01352   0.02805  0.001273   0.04284       144       640     0.974         1    0.9952    0.7537   0.09304    0.1047   0.01002
   235/299     10.6G   0.01411    0.0279  0.001232   0.04324       144       640    0.9737         1    0.9955    0.7608   0.09182    0.1058  0.009996
   236/299     10.6G   0.01289   0.02774  0.001202   0.04184       144       640    0.9739         1    0.9949    0.7517   0.09327    0.1047  0.009991
   237/299     10.6G    0.0141   0.02727  0.001184   0.04256       144       640    0.9739         1    0.9945    0.7632   0.09179    0.1063  0.009964
   238/299     10.6G   0.01327     0.027  0.001193   0.04147       144       640     0.974         1    0.9945    0.7452   0.09292    0.1059  0.009962
   239/299     10.6G   0.01338   0.02748  0.001176   0.04204       144       640     0.974         1    0.9945    0.7625   0.09154     0.107  0.009939
   240/299     10.6G   0.01277   0.02713  0.001158   0.04106       144       640     0.974         1    0.9945    0.7495   0.09293    0.1064  0.009936
   241/299     10.6G   0.01344    0.0277  0.001156    0.0423       144       640    0.9826    0.9915    0.9945    0.7637   0.09117    0.1073  0.009909
   242/299     10.6G   0.01296   0.02705  0.001158   0.04117       144       640    0.9825    0.9924    0.9947    0.7474   0.09248    0.1071  0.009907
   243/299     10.6G   0.01329   0.02727  0.001116   0.04168       144       640    0.9824    0.9941     0.995    0.7629   0.09098    0.1073  0.009888
   244/299     10.6G   0.01285   0.02738  0.001145   0.04138       144       640    0.9825    0.9914    0.9945    0.7494   0.09252    0.1073  0.009893
   245/299     10.6G   0.01364   0.02712  0.001108   0.04187       144       640    0.9741         1    0.9947     0.763   0.09093    0.1076  0.009879
   246/299     10.6G   0.01277   0.02744   0.00113   0.04134       144       640     0.974         1    0.9945    0.7471   0.09254    0.1071  0.009879
   247/299     10.6G   0.01356   0.02695  0.001102   0.04162       144       640     0.974         1    0.9947     0.757   0.09093    0.1076  0.009861
   248/299     10.6G    0.0126   0.02662  0.001098   0.04032       144       640     0.974         1    0.9947    0.7533     0.092    0.1072  0.009855
   249/299     10.6G   0.01316   0.02717   0.00109   0.04142       144       640    0.9739         1    0.9953    0.7598   0.09074    0.1075  0.009838
   250/299     10.6G    0.0123   0.02664  0.001093   0.04004       144       640    0.9739         1    0.9947     0.751   0.09152     0.107  0.009839
   251/299     10.6G   0.01254   0.02659  0.001086   0.04021       144       640    0.9739         1    0.9947    0.7558   0.09058    0.1071  0.009822
   252/299     10.6G   0.01192    0.0263  0.001078    0.0393       144       640    0.9739         1    0.9945    0.7502   0.09157    0.1066  0.009818
   253/299     10.6G   0.01277   0.02677  0.001082   0.04062       144       640    0.9739         1    0.9945     0.752   0.09063    0.1068  0.009811
   254/299     10.6G   0.01203   0.02678  0.001064   0.03988       144       640     0.974         1     0.994    0.7475   0.09181     0.106  0.009811
   255/299     10.6G   0.01294   0.02654  0.001029   0.04051       144       640    0.9747    0.9999     0.994    0.7491   0.09064    0.1062    0.0098
   256/299     10.6G   0.01228   0.02668  0.001064   0.04003       144       640    0.9749         1    0.9942    0.7465   0.09198    0.1055  0.009796
   257/299     10.6G   0.01289   0.02614  0.001021   0.04005       144       640    0.9742         1    0.9945    0.7542   0.09049    0.1057  0.009775
   258/299     10.6G   0.01215   0.02629  0.001023   0.03946       144       640    0.9747         1    0.9945      0.75    0.0919    0.1055  0.009771
   259/299     10.6G   0.01286   0.02651  0.001049   0.04041       144       640    0.9751         1    0.9945     0.754   0.09059    0.1056  0.009749
   260/299     10.6G   0.01205   0.02636  0.001038   0.03944       144       640    0.9755         1     0.995    0.7475    0.0917    0.1056   0.00974
   261/299     10.6G   0.01272   0.02629  0.001021   0.04003       144       640    0.9762         1    0.9953      0.76   0.09071    0.1057   0.00972
   262/299     10.6G   0.01222   0.02604  0.001002   0.03926       144       640    0.9766         1    0.9947     0.752   0.09148    0.1056  0.009719
   263/299     10.6G   0.01237   0.02596  0.001002   0.03933       144       640    0.9769         1    0.9951    0.7562   0.09066    0.1057  0.009701
   264/299     10.6G   0.01181   0.02596  0.001011   0.03878       144       640    0.9775         1    0.9951     0.749   0.09158    0.1058    0.0097
   265/299     10.6G   0.01218   0.02606 0.0009727   0.03921       144       640    0.9764         1    0.9951    0.7542   0.09054    0.1052  0.009685
   266/299     10.6G   0.01175   0.02568 0.0009953   0.03843       144       640     0.976         1    0.9954     0.751   0.09135    0.1052  0.009685
   267/299     10.6G   0.01224   0.02607 0.0009584   0.03927       144       640    0.9741         1    0.9954    0.7607   0.09038    0.1045  0.009675
   268/299     10.6G   0.01164    0.0257 0.0009786   0.03832       144       640     0.974         1    0.9954     0.754    0.0912    0.1046  0.009671
   269/299     10.6G   0.01197    0.0261 0.0009602   0.03903       144       640    0.9907    0.9854    0.9955    0.7519   0.09028    0.1038  0.009663
   270/299     10.6G   0.01156   0.02579 0.0009643   0.03831       144       640    0.9739         1    0.9954    0.7473   0.09115    0.1039  0.009665
   271/299     10.6G   0.01208   0.02581 0.0009477   0.03884       144       640    0.9739         1    0.9954    0.7534   0.09027    0.1036  0.009655
   272/299     10.6G   0.01171   0.02617 0.0009596   0.03884       144       640    0.9739         1    0.9954    0.7509   0.09109    0.1034  0.009655
   273/299     10.6G   0.01191   0.02594 0.0009347   0.03879       144       640    0.9739         1    0.9954    0.7486   0.09028    0.1034  0.009645
   274/299     10.6G   0.01149    0.0262 0.0009309   0.03862       144       640    0.9739         1    0.9954    0.7494   0.09107    0.1034  0.009636
   275/299     10.6G   0.01213   0.02621 0.0009023   0.03925       144       640    0.9739         1    0.9954    0.7517   0.09039     0.103  0.009615
   276/299     10.6G   0.01157   0.02584 0.0009346   0.03835       144       640     0.974         1    0.9954    0.7524   0.09107    0.1034  0.009606
   277/299     10.6G   0.01203   0.02587 0.0009019    0.0388       144       640     0.975    0.9996    0.9948    0.7506   0.09046    0.1031  0.009588
   278/299     10.6G   0.01183   0.02548 0.0009054   0.03822       144       640     0.976    0.9995    0.9945    0.7586   0.09458    0.1061  0.009591
   279/299     10.6G   0.01778   0.03047 0.0008676   0.04912       144       640     0.976    0.9995    0.9945    0.7586   0.09458    0.1061  0.009591
   280/299     10.6G   0.01498   0.02699 0.0008787   0.04285       144       640    0.9788    0.9996    0.9945     0.766   0.09277    0.1057  0.009581
   281/299     10.6G   0.01383   0.02634 0.0008956   0.04107       144       640    0.9796         1    0.9948    0.7563   0.09226    0.1071  0.009574
   282/299     10.6G   0.01674   0.02705 0.0008619   0.04466       144       640    0.9817         1    0.9946    0.7428   0.09284    0.1124  0.009598
   283/299     10.6G   0.01502   0.02888 0.0008718   0.04478       144       640    0.9817         1    0.9946    0.7428   0.09284    0.1124  0.009598
   284/299     10.6G   0.01367   0.02665 0.0009096   0.04123       144       640     0.983         1    0.9948    0.7496    0.0925    0.1138  0.009598
   285/299     10.6G    0.0129   0.02645 0.0009008   0.04025       144       640    0.9875         1    0.9956     0.765   0.09137    0.1137  0.009567
   286/299     10.6G    0.0138   0.02679 0.0008776   0.04147       144       640    0.9993      0.99    0.9958    0.7345   0.09311    0.1145   0.00961
   287/299     10.6G   0.01567   0.02594 0.0009155   0.04252       144       640    0.9993      0.99    0.9958    0.7345   0.09311    0.1145   0.00961
   288/299     10.6G   0.01279   0.02514 0.0008911   0.03882       144       640     0.998    0.9999    0.9958    0.7518   0.09127    0.1147  0.009594
   289/299     10.6G   0.01264   0.02555  0.000908   0.03909       144       640    0.9971    0.9999    0.9958    0.7699   0.09145    0.1126  0.009559
   290/299     10.6G     0.015   0.02563 0.0008742   0.04151       144       640    0.9958         1    0.9958    0.7287   0.09298    0.1142  0.009576
   291/299     10.6G   0.01705    0.0286 0.0008792   0.04653       144       640    0.9958         1    0.9958    0.7287   0.09298    0.1142  0.009576
   292/299     10.6G   0.01408   0.02721 0.0008962   0.04218       144       640    0.9958         1    0.9958    0.7427   0.09233    0.1135  0.009567
   293/299     10.6G   0.01332   0.02686 0.0009043   0.04109       144       640    0.9962         1    0.9958    0.7687    0.0911    0.1114  0.009554
   294/299     10.6G   0.01385    0.0269 0.0008866   0.04163       144       640    0.9932         1    0.9958    0.7384   0.09309    0.1118    0.0096
   295/299     10.6G   0.01464    0.0264  0.000874   0.04191       144       640    0.9932         1    0.9958    0.7384   0.09309    0.1118    0.0096
   296/299     10.6G   0.01234   0.02542 0.0008867   0.03865       144       640    0.9946         1    0.9958    0.7601   0.09169    0.1115   0.00959
   297/299     10.6G   0.01133   0.02473  0.000929   0.03698       144       640    0.9946         1    0.9958    0.7561   0.09084    0.1108  0.009593
   298/299     10.6G   0.01089   0.02419 0.0008863   0.03597       144       640    0.9938         1    0.9958    0.7696   0.09167    0.1087  0.009581
   299/299     10.6G   0.01454    0.0256 0.0008757   0.04102       144       640    0.9938         1    0.9958    0.7696   0.09167    0.1087  0.009581
